1.000000000000000000e+00
9.952324165138355383e-01
9.810807978290225773e-01
9.578874609704659537e-01
9.261101041629598019e-01
8.863001697813087665e-01
8.390902830599290541e-01
7.851848483294123771e-01
7.253522075278799885e-01
6.604171475527248480e-01
5.912529002699824510e-01
5.187724820135869441e-01
4.439191408192821875e-01
3.676558944531887474e-01
2.909542735577430594e-01
2.147823944802448037e-01
1.400925627335063151e-01
6.780859400087438371e-02
-1.186901582890707678e-03
-6.606501795592750748e-02
-1.260626041497703853e-01
-1.804936618283143057e-01
-2.287597457283538360e-01
-2.703593035984213633e-01
-3.048956069684181092e-01
-3.320831832989425969e-01
-3.517526363253927757e-01
-3.638535729464944524e-01
-3.684557682378973298e-01
-3.657483369083804337e-01
-3.560369076484773410e-01
-3.397390875192100590e-01
-3.173777666692430000e-01
-2.895728357678691300e-01
-2.570312034095755260e-01
-2.205352535144994297e-01
-1.809299924491786504e-01
-1.391091188578899573e-01
-9.600012760253108512e-02
-5.254881662045836344e-02
-9.703386888057663473e-03
3.160157864161793062e-02
7.046098355914572064e-02
1.060146642730658978e-01
1.374621246675181985e-01
1.640763700657785484e-01
1.852164560648210945e-01
2.003387648232803075e-01
2.090065259539448106e-01
2.108976282360222054e-01
2.058105100282725808e-01
1.936679420024572107e-01
1.745187561150892686e-01
1.485373860804881097e-01
1.160212187061265832e-01
7.738592407343658497e-02
3.315857574363311605e-02
-1.603106168286519764e-02
-6.946104972153346879e-02
-1.263295509896362467e-01
-1.857683735283977011e-01
-2.468578308528548704e-01
-3.086425219234831263e-01
-3.701477654952921581e-01
-4.303965028488556110e-01
-4.884262628291138331e-01
-5.433059602129468590e-01
-5.941522424170124772e-01
-6.401450636928303073e-01
-6.805422530042790630e-01
-7.146927803830609438e-01
-7.420485145604026611e-01
-7.621742664539985501e-01
-7.747558537302825510e-01
-7.796062465057786994e-01
-7.766693925881095195e-01
-7.660218646036925927e-01
-7.478722512671175382e-01
-7.225581580205561183e-01
-6.905410731473670127e-01
-6.523989781518735320e-01
-6.088169510022911624e-01
-5.605758708368374643e-01
-5.085393890900018476e-01
-4.536394266907096684e-01
-3.968603962941822938e-01
-3.392224949531121303e-01
-2.817642173773977632e-01
-2.255245448310540246e-01
-1.715249912573058588e-01
-1.207519217033316272e-01
-7.413924985310721416e-02
-3.255226027194742938e-02
3.227839186075841076e-03
3.251768537976978263e-02
5.474405825688510863e-02
6.945426631668519257e-02
7.632444585028104467e-02
7.516589459844226495e-02
6.592879595635466050e-02
4.870378187286501098e-02
2.372097007711336872e-02
-8.653397004486794789e-03
-4.792265274531297414e-02
-9.346772050687950084e-02
-1.445572969206407321e-01
-2.003599631149507454e-01
-2.599581514962844841e-01
-3.223636070647692420e-01
-3.865342223001807520e-01
-4.513917833426963067e-01
-5.158405087160492508e-01
-5.787859265689723198e-01
-6.391538452376269719e-01
-6.959090304983454045e-01
-7.480733385772061483e-01
-7.947429113610935403e-01
-8.351041837988137928e-01
-8.684483836440843874e-01
-8.941843141508994952e-01
-9.118491446941298095e-01
-9.211170329679628788e-01
-9.218054144342174849e-01
-9.138788475422678914e-01
-8.974503305998950964e-01
-8.727800593665616669e-01
-8.402716148359568038e-01
-8.004656475122051695e-01
-7.540312567441410652e-01
-7.017549157311874231e-01
-6.445275145160312968e-01
-5.833294033731577510e-01
-5.192138793025489196e-01
-4.532893009145620988e-01
-3.867001878058564657e-01
-3.206075970397261332e-01
-2.561691254754284164e-01
-1.945188719998435789e-01
-1.367477174748293611e-01
-8.388425299797125367e-02
-3.687670753379784089e-02
3.423833650770560094e-03
3.627859422791692573e-02
6.107442425923859802e-02
7.733492519584395097e-02
8.472946497540678745e-02
8.307937435875224763e-02
7.236193902324705718e-02
5.271139293809181531e-02
2.441739069362240319e-02
-1.207934851280800977e-02
-5.619388446581960461e-02
-1.072065630521832902e-01
-1.642748125420162297e-01
-2.264471803839037956e-01
-2.926792421816780121e-01
-3.618512719348552786e-01
-4.327872878459770312e-01
-5.042750776454663075e-01
-5.750870574223686527e-01
-6.440014184148469267e-01
-7.098233013800847591e-01
-7.714056097042910620e-01
-8.276690432697756394e-01
-8.776211553404080767e-01
-9.203738853355832861e-01
-9.551594226756908723e-01
-9.813440777481952093e-01
-9.984398657101104524e-01
-1.006113600840006672e+00
-1.004193462281157023e+00
-9.926726641765288850e-01
-9.717103696217609388e-01
-9.416297225390007908e-01
-9.029130322681753196e-01
-8.561941627251272724e-01
-8.022482355867657233e-01
-7.419790154126385540e-01
-6.764037511424800808e-01
-6.066361688289713117e-01
-5.338676472120472694e-01
-4.593469821796462571e-01
-3.843590196552655325e-01
-3.102026378427661379e-01
-2.381683241308501509e-01
-1.695158133914833054e-01
-1.054521548003748144e-01
-4.711058211452506111e-02
4.469449591307622129e-03
4.836061966261162581e-02
8.376442511071349739e-02
1.100254820826421787e-01
1.266436111100126272e-01
1.332831715304665932e-01
1.297796615562969158e-01
1.161433375983521865e-01
9.255989959174659720e-02
5.938805515694194070e-02
1.715410727007834341e-02
-3.345626690763329331e-02
-9.160926579632401590e-02
-1.563365934604098451e-01
-2.265516546274193577e-01
-3.010677445151623277e-01
-3.786181468339247513e-01
-4.578776707947972979e-01
-5.374852916367837130e-01
-6.160675336027076066e-01
-6.922621842809462134e-01
-7.647419115296227865e-01
-8.322373888311238588e-01
-8.935595365808145507e-01
-9.476204378394293970e-01
-9.934527073542979148e-01
-1.030226696050868362e+00
-1.057265595169030847e+00
-1.074057762611876798e+00
-1.080266428454146332e+00
-1.075736310592497302e+00
-1.060497093417156922e+00
-1.034763928459947913e+00
-9.989344191981148757e-01
-9.535827191378565271e-01
-8.994503456173528200e-01
-8.374341970099838939e-01
-7.685717140502634770e-01
-6.940236059739713914e-01
-6.150543923706977001e-01
-5.330109412537122893e-01
-4.492995967073894481e-01
-3.653621240214425248e-01
-2.826509207035414750e-01
-2.026039469587404551e-01
-1.266197842989914557e-01
-5.603323934663477501e-02
7.908008335176781520e-03
6.406546181265494744e-02
1.114299473982987704e-01
1.491397354852105339e-01
1.764960961700408615e-01
1.929761865897565987e-01
1.982429065752149833e-01
1.921515633915725219e-01
1.747533349184567375e-01
1.462952882048764447e-01
1.072169488809050081e-01
5.814375036875803204e-02
-1.230798159884242959e-04
-6.661944327633506635e-02
-1.402343493935472862e-01
-2.197284479807316282e-01
-3.037548068421182523e-01
-3.908817981268594144e-01
-4.796173974698501041e-01
-5.684347671144680536e-01
-6.557984639665127569e-01
-7.401909942887610061e-01
-8.201391658221318659e-01
-8.942397172156629770e-01
-9.611839966242524680e-01
-1.019781009375190006e+00
-1.068978592435375630e+00
-1.107882209873665369e+00
-1.135771259757271112e+00
-1.152112290562964603e+00
-1.156569139237690669e+00
-1.149009651783027275e+00
-1.129508928082828545e+00
-1.098349008676088534e+00
-1.056014950285235621e+00
-1.003187416816758493e+00
-9.407316988464158314e-01
-8.696838183401087718e-01
-7.912332395908017180e-01
-7.067030353713322777e-01
-6.175277256144355853e-01
-5.252288073888656816e-01
-4.313889998050746133e-01
-3.376250619389837837e-01
-2.455600091421676345e-01
-1.567950563111389639e-01
-7.288182147093009988e-02
4.704756314147996721e-03
7.459229338274386834e-02
1.355351918423253199e-01
1.864367865247673894e-01
2.263689288438140157e-01
2.545890101590061461e-01
2.705535160688677387e-01
2.739284450380349289e-01
2.645960408307196920e-01
2.426578572463287398e-01
2.084339906929499053e-01
1.624586279000332090e-01
1.054717735931317568e-01
3.840735594990385415e-02
-3.762188649442135824e-02
-1.213429470904354573e-01
-2.113437574105760663e-01
-3.060970081389279840e-01
-4.039859763020136607e-01
-5.033321293926407147e-01
-6.024238526540063310e-01
-6.995459032072286476e-01
-7.930090727166463349e-01
-8.811795414071372790e-01
-9.625074070048930119e-01
-1.035553838466921839e+00
-1.099016587738204542e+00
-1.151753066431322470e+00
-1.192800924455779787e+00
-1.221395525143283090e+00
-1.236984035369478763e+00
-1.239236113043493237e+00
-1.228050552345682167e+00
-1.203558169221505603e+00
-1.166120582223200142e+00
-1.116325077079333150e+00
-1.054975494670186587e+00
-9.830792995763540931e-01
-9.018311536649239457e-01
-8.125931073011144479e-01
-7.168718175776369606e-01
-6.162931605416255287e-01
-5.125746502969362739e-01
-4.074961791033093750e-01
-3.028694908227549387e-01
-2.005070039978819607e-01
-1.021904508224974195e-01
-9.639904261615012127e-03
7.551625461555326602e-02
1.517699548189968828e-01
2.177600843347002602e-01
2.722967100656653594e-01
3.143824969450750850e-01
3.432308415358160669e-01
3.582804879815701393e-01
3.592062436961778737e-01
3.459257776757257430e-01
3.186021478548710095e-01
2.776421290974078193e-01
2.236903347261300357e-01
1.576191613002578817e-01
8.051476559344819539e-02
-6.340729628857724384e-03
-1.014904686734397349e-01
-2.033273101172812514e-01
-3.101208407140112477e-01
-4.200468381931047324e-01
-5.312183081782446692e-01
-6.417178655440721746e-01
-7.496307787738786255e-01
-8.530780727466967805e-01
-9.502492461650351441e-01
-1.039433861251038982e+00
-1.119051737013713632e+00
-1.187680650444375097e+00
-1.244081935139185413e+00
-1.287222671304417698e+00
-1.316294393348299119e+00
-1.330728397741932412e+00
-1.330206484172191450e+00
-1.314667711367704550e+00
-1.284310681567042423e+00
-1.239591222556123640e+00
-1.181215824991028063e+00
-1.110130547503324738e+00
-1.027505765467465970e+00
-9.347169652915241489e-01
-8.333219250545039758e-01
-7.250346038737877086e-01
-6.116962466612472227e-01
-4.952441023319009150e-01
-3.776783547400205387e-01
-2.610278273065336774e-01
-1.473150167325290860e-01
-3.852105830326098268e-02
6.344871183678486848e-02
1.567981159854429096e-01
2.398716960046436419e-01
3.111840309529573800e-01
3.694461729504541214e-01
4.135889637881609571e-01
4.427824810611062922e-01
4.564515732270841841e-01
4.542869625516756105e-01
4.362518535830307576e-01
4.025838618586070061e-01
3.537921720456396746e-01
2.906499564792991985e-01
2.141824443162924085e-01
1.256499720979583345e-01
2.652768573725263965e-02
-8.151921473285711484e-02
-1.966633077177830924e-01
-3.169458242370092327e-01
-4.403099268587301052e-01
-5.646358253714736097e-01
-6.877771550937690215e-01
-8.075979930535750473e-01
-9.220098581850973973e-01
-1.029008058489924160e+00
-1.126706765930430176e+00
-1.213372220563531778e+00
-1.287453393069735608e+00
-1.347609739590774680e+00
-1.392735324713582079e+00
-1.421979093569330166e+00
-1.434760666222035352e+00
-1.430781972215932729e+00
-1.410033253153316180e+00
-1.372794994140077662e+00
-1.319634243124386375e+00
-1.251396121352478463e+00
-1.169190634756194225e+00
-1.074374590842918753e+00
-9.685293286795902956e-01
-8.534343741071404033e-01
-7.310376853767397431e-01
-6.034225986648675821e-01
-4.727725480558125359e-01
-3.413336650623847168e-01
-2.113762714992334923e-01
-8.515567698443177180e-02
3.512686428015296403e-02
1.473625666197109219e-01
2.495719276706466205e-01
3.399396773746308220e-01
4.168468805890081508e-01
4.788999181388236548e-01
5.249556114305596877e-01
5.541421855953591047e-01
5.658756665838883260e-01
5.598712348144843087e-01
5.361496775719329921e-01
4.950383721909719092e-01
4.371670491759986898e-01
3.634584043007024756e-01
2.751134093054974916e-01
1.735919086183984050e-01
6.058854170935180916e-02
-6.199545998716970985e-02
-1.920842530440937668e-01
-3.274623681214515192e-01
-4.658124969227305234e-01
-6.047550185262257072e-01
-7.418889443668897909e-01
-8.748333170134763304e-01
-1.001268513620243938e+00
-1.118976633570803791e+00
-1.225880396446031861e+00
-1.320079695325879765e+00
-1.399885338568970461e+00
-1.463849203348639660e+00
-1.510790499779165907e+00
-1.539817360304117422e+00
-1.550343711407221825e+00
-1.542100786939485157e+00
-1.515143279336340409e+00
-1.469849917355598556e+00
-1.406918425091550517e+00
-1.327354956130370578e+00
-1.232458077684793984e+00
-1.123797767550021698e+00
-1.003189467743654584e+00
-8.726638226058315295e-01
-7.344325244567047051e-01
-5.908510086291225427e-01
-4.443782729224226569e-01
-2.975348504491150958e-01
-1.528595136802604892e-01
-1.286540971708976036e-02
1.200035377107045997e-01
2.434152077698931715e-01
3.551901890636289250e-01
4.533402002334669390e-01
5.361032747312530766e-01
6.019755325635347543e-01
6.497381570363048864e-01
6.784800026592768818e-01
6.876147387468889427e-01
6.768923458648102853e-01
6.464053760428870588e-01
5.965886528926838128e-01
5.282134738868657919e-01
4.423758230302727856e-01
3.404789534701994080e-01
2.242104584143906620e-01
9.551457036494483133e-02
-4.344044642107190712e-02
-1.902986502912807909e-01
-3.425563367784236202e-01
-4.976046411646829482e-01
-6.527742075097583418e-01
-8.053810913815171446e-01
-9.527730916452996635e-01
-1.092375810092326427e+00
-1.221737550587947974e+00
-1.338572303684479881e+00
-1.440800065377323635e+00
-1.526583816637842927e+00
-1.594362422801880452e+00
-1.642878948695211783e+00
-1.671203723140289865e+00
-1.678752190722527127e+00
-1.665296404623106241e+00
-1.630970782228865046e+00
-1.576271443887300228e+00
-1.502049197408588110e+00
-1.409496788231046294e+00
-1.300129530582405213e+00
-1.175760711910169842e+00
-1.038471794937462667e+00
-8.905774145401408326e-01
-7.345865828127320363e-01
-5.731600981970673692e-01
-4.090653092756403320e-01
-2.451286498549142268e-01
-8.418707046470637334e-02
7.096098960249352938e-02
2.176042172793120344e-01
3.531657513496428424e-01
4.752483635109990279e-01
5.816768031984685949e-01
6.705364539710609861e-01
7.402076676728425175e-01
7.893951919243022974e-01
8.171520875835028841e-01
8.228977567082612632e-01
8.064296660263468031e-01
7.679286345707577732e-01
7.079575499333825572e-01
6.274533623016603778e-01
5.277126546802304308e-01
4.103708865699863817e-01
2.773756748919529724e-01
1.309546019317892884e-01
-2.642205524137932957e-02
-1.920829426522916161e-01
-3.632007800321787050e-01
-5.368407243084415414e-01
-7.100104926396496596e-01
-8.797119459914856110e-01
-1.042992892211163092e+00
-1.196998398453980039e+00
-1.339020617188476203e+00
-1.466546329259445614e+00
-1.577301350974668503e+00
-1.669290993170877924e+00
-1.740835885057543164e+00
-1.790602456918688912e+00
-1.817627685043901264e+00
-1.821337491048123480e+00
-1.801558473457023357e+00
-1.758522793575394871e+00
-1.692866045473118586e+00
-1.605618143820915833e+00
-1.498187444660933787e+00
-1.372337937704929622e+00
-1.230160665327145963e+00
-1.074038891353132463e+00
-9.066083090708630943e-01
-7.307125774066014490e-01
-5.493551594363509372e-01
-3.656480756044646063e-01
-1.827585673625855833e-01
-3.854582394152896579e-03
1.679500608346494728e-01
3.296497686068751154e-01
4.783996989249562626e-01
6.115656959884395727e-01
7.267709078540117718e-01
8.219380829925296839e-01
8.953268476586474511e-01
9.455655386743726520e-01
9.716765452215327947e-01
9.730950716223548680e-01
9.496809251216836723e-01
9.017228153946550417e-01
8.299354881837994746e-01
7.354492869763742391e-01
6.197925020667981455e-01
4.848669361664665889e-01
3.329166089515765981e-01
1.664905811165176275e-01
-1.159966869497307262e-02
-1.983276904336183644e-01
-3.905034767269564000e-01
-5.848277688351215531e-01
-7.779487006210282773e-01
-9.665195292564787710e-01
-1.147256522085752017e+00
-1.316996128897657270e+00
-1.472750221490747080e+00
-1.611758678435596170e+00
-1.731538024333713288e+00
-1.829926000012333187e+00
-1.905120170393463042e+00
-1.955710997601398660e+00
-1.980707989128734914e+00
-1.979558726846354366e+00
-1.952160651405645542e+00
-1.898864806040397646e+00
-1.820471901110346291e+00
-1.718220603511478650e+00
-1.593768211030145876e+00
-1.449163755782370444e+00
-1.286814596667107624e+00
-1.109446377386964278e+00
-9.200573018072664144e-01
-7.218676254033380424e-01
-5.182649321437857726e-01
-3.127463015303921789e-01
-1.088583772113836112e-01
8.986381048369895819e-02
2.799580353715706016e-01
4.580951395776296509e-01
6.211371890862981138e-01
7.661927588298264036e-01
8.906680507437169103e-01
9.923130902446249957e-01
1.069262453796486101e+00
1.120069134324992888e+00
1.143731699445289962e+00
1.139713617424796155e+00
1.107954702371494182e+00
1.048874451172708611e+00
9.633670235841109708e-01
8.527879461913808745e-01
7.189327814936252725e-01
5.640083376706149787e-01
3.905961948776955350e-01
2.016098847844778330e-01
2.459955758138130180e-04
-2.100696950550596243e-01
-4.257405468262367987e-01
-6.430603928873428465e-01
-8.582771854340895956e-01
-1.067657691816889631e+00
-1.267552147689648301e+00
-1.454457812402250250e+00
-1.625080249122561105e+00
-1.776391301273132051e+00
-1.905682732228716425e+00
-2.010614527816533048e+00
-2.089257247012549890e+00
-2.140127087585773857e+00
-2.162213910084231472e+00
-2.155000740536546111e+00
-2.118475118740197338e+00
-2.053131647439819130e+00
-1.959965789416592274e+00
-1.840459051001942292e+00
-1.696555628789261805e+00
-1.530630743645843284e+00
-1.345451896084449039e+00
-1.144132593703754308e+00
-9.300801846681903129e-01
-7.069382468417720888e-01
-4.785247117554439211e-01
-2.487665948163180485e-01
-2.163254514102910808e-02
1.989355732033513402e-01
4.090910303859213171e-01
6.051492195649562644e-01
7.836521723685716534e-01
9.414294216552768768e-01
1.075654233378290581e+00
1.183894089132529359e+00
1.264154641384927391e+00
1.314916265186819144e+00
1.335162585960491644e+00
1.324400285317794079e+00
1.282670356038090986e+00
1.210549668125987965e+00
1.109143581398754241e+00
9.800692998235988052e-01
8.254302654747585066e-01
6.477820745385229895e-01
4.500903637925076084e-01
2.356814284662341052e-01
8.186366454042269536e-03
-2.285203167372356070e-01
-4.703865980569654770e-01
-7.132522069804724252e-01
-9.529200942675459807e-01
-1.185228871246648330e+00
-1.406124971674012070e+00
-1.611733286205113469e+00
-1.798425040707171796e+00
-1.962881727635902740e+00
-2.102153978019980496e+00
-2.213714311436579152e+00
-2.295502842991418824e+00
-2.345965107982885822e+00
-2.364081322077070890e+00
-2.349386531092968244e+00
-2.301981254893669782e+00
-2.222532396197567817e+00
-2.112264356595842330e+00
-1.972940467334228121e+00
-1.806835003676132478e+00
-1.616696233597125998e+00
-1.405701091457814300e+00
-1.177402224163706768e+00
-9.356682854325586440e-01
-6.846184885391505270e-01
-4.285525142433166401e-01
-1.718769693442667446e-01
8.097034983047271539e-02
3.255970876986858387e-01
5.577325332330743679e-01
7.733020758288737806e-01
9.684986176771585020e-01
1.139849692033217954e+00
1.284279105939869270e+00
1.399162016280072640e+00
1.482372460433437400e+00
1.532322465899926600e+00
1.547992041829314713e+00
1.528949511122028815e+00
1.475361718488611640e+00
1.387993926363017216e+00
1.268199401421458816e+00
1.117898751408679114e+00
9.395493661657580153e-01
7.361053979076722653e-01
5.109690029574274206e-01
2.679335790342735057e-01
1.111992585872488906e-02
-2.550934591073608648e-01
-5.261449479371729243e-01
-7.973678408272526497e-01
-1.064070610588634169e+00
-1.321617952719411404e+00
-1.565511242486153476e+00
-1.791467004726718937e+00
-1.995492027901851539e+00
-2.173953809260131376e+00
-2.323645089493495686e+00
-2.441841332453853486e+00
-2.526350122694437594e+00
-2.575551588463927288e+00
-2.588429108537830370e+00
-2.564589727072122738e+00
-2.504273873326036348e+00
-2.408354168659712524e+00
-2.278323293329110655e+00
-2.116271063825588161e+00
-1.924851079959246425e+00
-1.707237451170746212e+00
-1.467072324666910177e+00
-1.208405066411193163e+00
-9.356241070395152626e-01
-6.533826130586447567e-01
-3.665192023724785919e-01
-7.997516000548757220e-02
2.012905782034219160e-01
4.723872518034863410e-01
7.285770679259020444e-01
9.653579316956101275e-01
1.178542464756696884e+00
1.364331900378655371e+00
1.519383632584770050e+00
1.640871163813240496e+00
1.726535442787624497e+00
1.774726600686328259e+00
1.784435349514744251e+00
1.755313443078254654e+00
1.687682798470157675e+00
1.582533067604146915e+00
1.441507643427556884e+00
1.266878290428089526e+00
1.061508780220297821e+00
8.288081165905296643e-01
5.726741558815581223e-01
2.974284057344595555e-01
7.743263349157050723e-03
-2.914371869885244992e-01
-5.949814215905870896e-01
-8.976583731528987586e-01
-1.194227475815939243e+00
-1.479529294328268740e+00
-1.748575063336541779e+00
-1.996634024700558507e+00
-2.219316271036369859e+00
-2.412650381272067435e+00
-2.573154060092935236e+00
-2.697896691019879167e+00
-2.784552615441548973e+00
-2.831444205838363537e+00
-2.837573925529195407e+00
-2.802644769891186716e+00
-2.727068687761540655e+00
-2.611962772227179652e+00
-2.459133246398751194e+00
-2.271047435518122715e+00
-2.050794168882940749e+00
-1.802033294862865453e+00
-1.528934985426109616e+00
-1.236110005495028252e+00
-9.285320012564381997e-01
-6.114531574662845914e-01
-2.903146345333304512e-01
2.934668325685396706e-02
3.419935296997421714e-01
6.421840580341278137e-01
9.246664298713789254e-01
1.184470563111917230e+00
1.416995443649330166e+00
1.618090437584226438e+00
1.784129239528410515e+00
1.912075041935768160e+00
1.999535830844905382e+00
2.044808813567645878e+00
2.046913109094488092e+00
2.005610090205910190e+00
1.921410974539518035e+00
1.795571505880344088e+00
1.630073715656419564e+00
1.427595034625618542e+00
1.191465229357359767e+00
9.256118532794374021e-01
6.344950944092718759e-01
3.230331062359272920e-01
-3.480924641754826188e-03
-3.394686104764990109e-01
-6.791615282319567459e-01
-1.016700132914324595e+00
-1.346234698491712178e+00
-1.662026576314741932e+00
-1.958547980089119678e+00
-2.230578618351762632e+00
-2.473297463860556267e+00
-2.682368011353380766e+00
-2.854015551053876720e+00
-2.985095155609056139e+00
-3.073149013274341979e+00
-3.116452168867817285e+00
-3.114045815050847654e+00
-3.065757456663201097e+00
-2.972207570848639957e+00
-2.834802594244264728e+00
-2.655714273696771599e+00
-2.437845678519202863e+00
-2.184784401846296742e+00
-1.900743699598124836e+00
-1.590492529336283933e+00
-1.259275647379139329e+00
-9.127251004964954673e-01
-5.567645863017482988e-01
-1.975084069621157457e-01
1.588435465133690994e-01
5.061125397136024828e-01
8.382480456210099629e-01
1.149433010257586929e+00
1.434185587322000410e+00
1.687455546798705797e+00
1.904713671946158815e+00
2.082032554243407940e+00
2.216157359450992459e+00
2.304565292130730914e+00
2.345512664511938183e+00
2.338068722788276599e+00
2.282135552591829430e+00
2.178453677770842756e+00
2.028593174816214262e+00
1.834930394223451167e+00
1.600610626400566616e+00
1.329497288417043510e+00
1.026108448590584032e+00
6.955417286302850721e-01
3.433888249790413294e-01
-2.435891626987030101e-02
-4.014122802208709428e-01
-7.812915954424646259e-01
-1.157437944469248192e+00
-1.523326265750979847e+00
-1.872578399927691928e+00
-2.199074125521307543e+00
-2.497058250012669678e+00
-2.761241888816434731e+00
-2.986896151685083822e+00
-3.169936576356660485e+00
-3.306996815871017681e+00
-3.395490231885982535e+00
-3.433658311113441108e+00
-3.420604959177980131e+00
-3.356316054815730254e+00
-3.241663814719826675e+00
-3.078395860192649547e+00
-2.869109082205551609e+00
-2.617208692493097288e+00
-2.326853097999733944e+00
-2.002885487022807443e+00
-1.650753244807316111e+00
-1.276416542365750972e+00
-8.862476237990439820e-01
-4.869224929295379867e-01
-8.530683703707389598e-02
3.116618652501409459e-01
6.970940304802095699e-01
1.064267388885268728e+00
1.406744068742233233e+00
1.718483307302606455e+00
1.993947819963858725e+00
2.228201957746509976e+00
2.416999917333450210e+00
2.556862424540704115e+00
2.645140520011627139e+00
2.680065278486349456e+00
2.660782535200348242e+00
2.587371948229374663e+00
2.460849994980436328e+00
2.283156775708990338e+00
2.057126777037847187e+00
1.786444020264612131e+00
1.475582306572338798e+00
1.129731517447743583e+00
7.547111814669672514e-01
3.568727282003266721e-01
-5.700787414778863554e-02
-4.798453629558305789e-01
-9.043663441119058621e-01
-1.323234238828609799e+00
-1.729175889515978337e+00
-2.115107653753387051e+00
-2.474258914855306468e+00
-2.800290629613364946e+00
-3.087407147589313450e+00
-3.330458855262344198e+00
-3.525034368979687915e+00
-3.667540311972707023e+00
-3.755267311624211679e+00
-3.786441013283003088e+00
-3.760257156129548584e+00
-3.676900034243334670e+00
-3.537543939831618189e+00
-3.344337484116269188e+00
-3.100370989050043047e+00
-2.809627437582560283e+00
-2.476917745640994095e+00
-2.107801406099387265e+00
-1.708493815579072095e+00
-1.285761814899555988e+00
-8.468092034367854515e-01
-3.991541547254497946e-01
4.949937958110668668e-02
4.913940828352409418e-01
9.188532309393129260e-01
1.324413880234755592e+00
1.700956983062897221e+00
2.041832163561304370e+00
2.340974968889546037e+00
2.593014532869999833e+00
2.793369744003562527e+00
2.938332202856468900e+00
3.025134466452909177e+00
3.052002339364921379e+00
3.018190216013141303e+00
2.923998798036482327e+00
2.770774801920529828e+00
2.560892551725107769e+00
2.297717719438055806e+00
1.985553739669821294e+00
1.629571754908069714e+00
1.235725204624175566e+00
8.106505025385069008e-01
3.615554188344017317e-01
-1.039029411083318977e-01
-5.777485148194009268e-01
-1.051822738346111175e+00
-1.517924912704857077e+00
-1.967953818039890113e+00
-2.394048366736839295e+00
-2.788724724809356292e+00
-3.145007553056756056e+00
-3.456553067960217440e+00
-3.717761751367483658e+00
-3.923878712898456911e+00
-4.071079909023786136e+00
-4.156542664352034677e+00
-4.178499191774167620e+00
-4.136272121818292291e+00
-4.030291328966478126e+00
-3.862091682401520121e+00
-3.634291667346090104e+00
-3.350553160824999654e+00
-3.015522966793198645e+00
-2.634757036769971084e+00
-2.214628609309358787e+00
-1.762221773619076837e+00
-1.285212245827693556e+00
-7.917373404598827547e-01
-2.902573578438047974e-01
2.105892775706468267e-01
7.021346301085928943e-01
1.175831075024013073e+00
1.623399738720554986e+00
2.036974997481101113e+00
