3.490658503988659095e-02
3.557547385476624024e-02
3.737619744450659809e-02
3.994928898093046132e-02
4.291216066360721559e-02
4.588806392425372194e-02
4.852410384282678651e-02
5.050359633013194044e-02
5.155425880390244325e-02
5.145358329270884046e-02
5.003195560978267870e-02
4.717411304831680557e-02
4.281918527100952998e-02
3.695948967600810181e-02
2.963829138383294870e-02
2.094663407202386127e-02
1.101940381297599261e-02
3.069006516896949713e-05
-1.181139663469788111e-02
-2.427038569643397842e-02
-3.708744411591691909e-02
-4.998760961312328360e-02
-6.268617457636010970e-02
-7.489506990166699962e-02
-8.632918548897951239e-02
-9.671250709655829225e-02
-1.057839644459910716e-01
-1.133029069161024666e-01
-1.190541299428982680e-01
-1.228523603882167997e-01
-1.245461125550735432e-01
-1.240209473106356902e-01
-1.212019310696122870e-01
-1.160554051061534198e-01
-1.085899763868442142e-01
-9.885670372256535887e-02
-8.694849884433462905e-02
-7.299879343375048624e-02
-5.717941653494390541e-02
-3.969780099465190087e-02
-2.079352621554567127e-02
-7.342669187402023172e-04
2.018877831603154219e-02
4.166588941858474088e-02
6.337418751720537424e-02
8.498324950707962511e-02
1.061608958339937125e-01
1.265790189375467778e-01
1.459193776472228754e-01
1.638792440449849397e-01
1.801768119731818052e-01
1.945562538607382985e-01
2.067923575161091099e-01
2.166946492605750785e-01
2.241109163708711882e-01
2.289301153168881164e-01
2.310845280820286451e-01
2.305512072829892234e-01
2.273526603758564690e-01
2.215566898741820889e-01
2.132755147116585648e-01
2.026640684968716577e-01
1.899175483437432199e-01
1.752683131077827361e-01
1.589819960381540220e-01
1.413531677343630166e-01
1.227003610806783052e-01
1.033607309769976057e-01
8.368431057170444554e-02
6.402804441770648669e-02
4.474967080094197081e-02
2.620155572003144903e-02
8.724585922873699315e-03
-7.357758459780119192e-03
-2.174507565761348016e-02
-3.416532457669022721e-02
-4.437964946038071984e-02
-5.218666580522075132e-02
-5.742609127076096082e-02
-5.998171324006166399e-02
-5.978358584084904337e-02
-5.680944692306306998e-02
-5.108531993508699798e-02
-4.268527650087477338e-02
-3.173037218305233692e-02
-1.838675028991887048e-02
-2.863001753236108470e-03
1.459329611677761401e-02
3.369965407362640608e-02
5.414342161870077524e-02
7.558706794178621236e-02
9.767387733676768935e-02
1.200340946319173041e-01
1.422912212057752812e-01
1.640685278115148471e-01
1.849955711695258354e-01
2.047146457057922031e-01
2.228870219630630922e-01
2.391989287003444264e-01
2.533670824688368794e-01
2.651437500315392826e-01
2.743212027344049675e-01
2.807355024642992358e-01
2.842695534828166837e-01
2.848553516546923348e-01
2.824753898956635090e-01
2.771632165833550210e-01
2.690030861007969842e-01
2.581287587180642329e-01
2.447213998948721825e-01
2.290067034380432465e-01
2.112511715048520089e-01
1.917577204891011966e-01
1.708606064639461575e-01
1.489197872332898853e-01
1.263148342713550643e-01
1.034384507495969135e-01
8.068974870546111178e-02
5.846737407099238115e-02
3.716261244037506045e-02
1.715258874012159582e-02
-1.206318614904995905e-03
-1.758473853757273539e-02
-3.168613004784399945e-02
-4.325206135565975996e-02
-5.206685799825382099e-02
-5.796153031100014646e-02
-6.081690295571563765e-02
-6.056593878182451457e-02
-5.719509626545742770e-02
-5.074484791695225289e-02
-4.130921307517332330e-02
-2.903438643468473496e-02
-1.411644389434302954e-02
3.201811008320936541e-03
2.263483592397586355e-02
4.385909281051326297e-02
6.651845786720876619e-02
9.023025150477244349e-02
1.145917180258786278e-01
1.391869124649612599e-01
1.635938331556231473e-01
1.873916961251976543e-01
2.101682254842670572e-01
2.315268180388621033e-01
2.510934990372246101e-01
2.685234694611537964e-01
2.835072427116442917e-01
2.957761426557370954e-01
3.051071603124979603e-01
3.113270065744217496e-01
3.143153696172182321e-01
3.140072275724096196e-01
3.103942450498554662e-01
3.035251691260522078e-01
2.935052759609365070e-01
2.804948059086396217e-01
2.647064240345596287e-01
2.464018395863160626e-01
2.258874663247263104e-01
2.035093519200574796e-01
1.796473732846121940e-01
1.547088189394230096e-01
1.291214737614440333e-01
1.033263256852935130e-01
7.776998539127205623e-02
5.289699374864872961e-02
2.914212049219686365e-02
6.922796058868179586e-03
-1.336818453305123333e-02
-3.136958162343822520e-02
-4.675809972898566785e-02
-5.925416139375078856e-02
-6.862694785041133227e-02
-7.469862132978503932e-02
-7.734764935640378591e-02
-7.651114423867942660e-02
-7.218628484334921325e-02
-6.443059040419790717e-02
-5.336123396958575987e-02
-3.915328740653314238e-02
-2.203696875420332532e-02
-2.293895996712379086e-03
1.974750822730031441e-02
4.371751793607931563e-02
6.921127647340449829e-02
9.579565763713443483e-02
1.230166146593986848e-01
1.504069447784262548e-01
1.774943102542797801e-01
2.038093823040222630e-01
2.288939798127257452e-01
2.523090460673855784e-01
2.736423350687747780e-01
2.925156738138611767e-01
3.085916561976760897e-01
3.215796832612608513e-01
3.312412013978625058e-01
3.373940650445759193e-01
3.399159870104489500e-01
3.387468903202301429e-01
3.338902766586823723e-01
3.254134326007708244e-01
3.134465934960420364e-01
2.981809682119658245e-01
2.798657143975667450e-01
2.588039046683471844e-01
2.353475503872554109e-01
2.098917209631899206e-01
1.828679174148648834e-01
1.547367816155871822e-01
1.259802611022111107e-01
9.709336532810958209e-02
6.857567557529072044e-02
4.092271233694277921e-02
1.461734945197449773e-02
-9.878599219793445657e-03
-3.213247176374269681e-02
-5.174837929781388873e-02
-6.837421136192803339e-02
-8.170796702828853064e-02
-9.150317558483682390e-02
-9.757345152277534239e-02
-9.979597767096111405e-02
-9.811394669410974934e-02
-9.253783729150984183e-02
-8.314554808351437565e-02
-7.008138931324880971e-02
-5.355386664817131381e-02
-3.383239008715228230e-02
-1.124289783206063563e-02
1.383752247879517852e-02
4.098691434975014480e-02
6.974554691300149933e-02
9.962368436314984754e-02
1.301099299491056127e-01
1.606799553048512408e-01
1.908055275964136432e-01
2.199636214121006017e-01
2.476454945716526912e-01
2.733655554331487214e-01
2.966698753486289308e-01
3.171441826832076538e-01
3.344212251725293683e-01
3.481873450674536352e-01
3.581881331151123282e-01
3.642331536068811881e-01
3.661994897550333028e-01
3.640342228494037324e-01
3.577556568654825520e-01
3.474533273569229141e-01
3.332868242527212144e-01
3.154833083204851563e-01
2.943339454792631704e-01
2.701891261739148287e-01
2.434527241447731749e-01
2.145753179764848528e-01
1.840466524074080568e-01
1.523873100471146158e-01
1.201398874236998260e-01
8.785968771345512018e-02
5.610517766813651747e-02
2.542834626220125474e-02
-3.634881217014583783e-03
-3.057398796631583329e-02
-5.491281663043962730e-02
-7.621796935113890614e-02
-9.410650474726781067e-02
-1.082528006778292751e-01
-1.183944543302876268e-01
-1.243371321706008698e-01
-1.259581978147254477e-01
-1.232092547850430070e-01
-1.161172691056413797e-01
-1.047844561017352433e-01
-8.938693138996203769e-02
-7.017189305269481980e-02
-4.745379457621880931e-02
-2.160914738341626271e-02
6.929671060490911853e-03
3.768165216917914589e-02
7.012523247638824397e-02
1.037071408545516410e-01
1.378518253597435794e-01
1.719712926575495682e-01
2.054752330370190339e-01
2.377812128885173626e-01
2.683247998828988679e-01
2.965694025566892877e-01
3.220156891891078343e-01
3.442103981212897290e-01
3.627544027751876121e-01
3.773098550122768180e-01
3.876063351760096198e-01
3.934458406182471668e-01
3.947065275575198928e-01
3.913452247275878149e-01
3.833985019817820472e-01
3.709824415886715521e-01
3.542909717440480000e-01
3.335929177800983636e-01
3.092276672303104768e-01
2.815996367420773305e-01
2.511716042177812303e-01
2.184569262077923346e-01
1.840109489978651869e-01
1.484215618238285128e-01
1.122991845527895605e-01
7.626632655964936391e-02
4.094685631668581322e-02
6.955224092580082791e-03
-2.511421801080946162e-02
-5.469758180103874434e-02
-8.127135796762763320e-02
-1.043616481591252698e-01
-1.235526061732040853e-01
-1.384938937152876970e-01
-1.489070604602326930e-01
-1.545906906799866254e-01
-1.554242445720177279e-01
-1.513705314705900418e-01
-1.424767414784209596e-01
-1.288740234411826779e-01
-1.107756098745535656e-01
-8.847350426674968626e-02
-6.233381794744348448e-02
-3.279075939381668331e-02
-3.394520904709504624e-04
3.447233549670985359e-02
7.105343567386721015e-02
1.087793020017253087e-01
1.470026540103689383e-01
1.850645715207461239e-01
2.223058404796860732e-01
2.580783556066920115e-01
2.917563836336263261e-01
3.227474995858043427e-01
3.505029806678792159e-01
3.745275160438014117e-01
3.943880207975496432e-01
4.097214203007474853e-01
4.202412632564743733e-01
4.257430294101340884e-01
4.261080584066760935e-01
4.213059987986323973e-01
4.113957588721390835e-01
3.965248815689081385e-01
3.769274508548011715e-01
3.529203832767606741e-01
3.248983847348930754e-01
2.933274795794983958e-01
2.587372701202926284e-01
2.217120556785388552e-01
1.828810270630075729e-01
1.429075447469570492e-01
1.024778576121788826e-01
6.228930361003073152e-02
2.303832820357555600e-02
-1.459159169417310886e-02
-4.994180785577853610e-02
-8.239004296219716583e-02
-1.113613041671210613e-01
-1.363380593357193249e-01
-1.568694678519039765e-01
-1.725794648537125331e-01
-1.831736497741360548e-01
-1.884447533870226843e-01
-1.882766279545915467e-01
-1.826466794669683591e-01
-1.716267044876842451e-01
-1.553820837960965262e-01
-1.341693692953785932e-01
-1.083322630067827808e-01
-7.829608004168356339e-02
-4.456078185994362395e-02
-7.692652538442458499e-03
3.168514347648106882e-02
7.290312969206533267e-02
1.152568402582309776e-01
1.580188656616970666e-01
2.004513248849149609e-01
2.418185795380581038e-01
2.813999744204641607e-01
3.185023737045451497e-01
3.524722830108405480e-01
3.827073400136746795e-01
4.086669760414640140e-01
4.298820574187905974e-01
4.459633381173898070e-01
4.566085480480551739e-01
4.616081076168538910e-01
4.608490392478103992e-01
4.543175319353151553e-01
4.420995488034072385e-01
4.243798440927098459e-01
4.014392186373125782e-01
3.736501115135921758e-01
3.414705897435897364e-01
3.054368258415393056e-01
2.661541764119259024e-01
2.242870485694674898e-01
1.805476746753989226e-01
1.356840150979288784e-01
9.046698288497771745e-02
4.567721344378414261e-02
2.091613216299077586e-03
-3.953010988378205526e-02
-7.845866804153239782e-02
-1.140079308733343427e-01
-1.455470604167129478e-01
-1.725115894351340051e-01
-1.944135852548951882e-01
-2.108504068880276971e-01
-2.215120640255288931e-01
-2.261870512560016089e-01
-2.247664339890859675e-01
-2.172462298694373684e-01
-2.037279422165633458e-01
-1.844173619342786286e-01
-1.596214087311081664e-01
-1.297433831194960974e-01
-9.527636610283393703e-02
-5.679516240428206936e-02
-1.494671467402904075e-02
2.956077359689648215e-02
7.596973740832070610e-02
1.234861969459068592e-01
1.712932790347015954e-01
2.185652605440646101e-01
2.644817995992415072e-01
3.082421705456759864e-01
3.490791939470677119e-01
3.862726768689605517e-01
4.191620794897631952e-01
4.471582419298762434e-01
4.697538971276936093e-01
4.865328220176856067e-01
4.971774937942934347e-01
5.014750153641455155e-01
4.993213110237385011e-01
4.907234238037934126e-01
4.757999268139890825e-01
4.547793573073062312e-01
4.279968452562882830e-01
3.958887422166102454e-01
3.589856120627177294e-01
3.179034283909212277e-01
2.733333761833360298e-01
2.260302096271423755e-01
1.767994970912936392e-01
1.264839409640644563e-01
7.594895088523961890e-02
2.606779588909043099e-02
-2.229348118288572086e-02
-6.829107801648204301e-02
-1.111181270677127492e-01
-1.500188371240594176e-01
-1.843018026332811365e-01
-2.133522705693091936e-01
-2.366431333075895704e-01
-2.537444570270241395e-01
-2.643313856219390856e-01
-2.681902252828656241e-01
-2.652226988910902916e-01
-2.554481688314327870e-01
-2.390038554102081048e-01
-2.161429787535746883e-01
-1.872310044735481238e-01
-1.527397800007059825e-01
-1.132398678472677916e-01
-6.939118651601458576e-02
-2.193196628946376611e-02
2.833362570019929208e-02
8.054912193830789102e-02
1.338202919077188524e-01
1.872304586032706997e-01
2.398562479073936826e-01
2.907835272523980330e-01
3.391232653678935005e-01
3.840270375617146348e-01
4.247018962313398038e-01
4.604243050105155666e-01
4.905530623724388972e-01
5.145407154713372844e-01
5.319434955739068549e-01
5.424294775825345694e-01
5.457848519008704491e-01
5.419181500678719177e-01
5.308624597665213551e-01
5.127753599937950879e-01
4.879368312150351716e-01
4.567449680552350677e-01
4.197096545433767201e-01
3.774442526177395063e-01
3.306554869249543893e-01
2.801316297274876743e-01
2.267292873461456137e-01
1.713588681599516883e-01
1.149691035352165824e-01
5.853079848019415027e-02
3.020144864469923376e-03
-5.059813978393093437e-02
-1.013875635157673871e-01
-1.484561712123395050e-01
-1.909722208369472873e-01
-2.281788251412307789e-01
-2.594074143656416864e-01
-2.840897161971521201e-01
-3.017680153285284272e-01
-3.121036870997296875e-01
-3.148835091478839887e-01
-3.100239567612856906e-01
-2.975733473354931213e-01
-2.777115051670002721e-01
-2.507473443763096332e-01
-2.171140775324592598e-01
-1.773623519363208834e-01
-1.321512210472165771e-01
-8.223729302127613661e-02
-2.846209047970519462e-02
2.826214947072427583e-02
8.696786819428269089e-02
1.466487055200224598e-01
2.062767118544882317e-01
2.648200378950185119e-01
3.212607676839225879e-01
3.746125905185828109e-01
4.239380134957461133e-01
4.683648183684155364e-01
5.071014450290031172e-01
5.394510629705604465e-01
5.648240866541217597e-01
5.827488636609639006e-01
5.928803924654932889e-01
5.950068842538289715e-01
5.890540457708915989e-01
5.750870227406545965e-01
5.533099125248354122e-01
5.240628605447443800e-01
4.878169051881741103e-01
4.451663027323447541e-01
3.968189543011952369e-01
3.435846026544481790e-01
2.863613488213567204e-01
2.261205094705532881e-01
1.638901455554565845e-01
1.007375648365779475e-01
3.775102932303458364e-02
-2.397897609747717471e-02
-8.337859494726254650e-02
-1.394092580354324984e-01
-1.910858129258911631e-01
-2.374938243600671350e-01
-2.778057233770334089e-01
-3.112955294136973139e-01
-3.373518882014800990e-01
-3.554891775923108010e-01
-3.653565314145572618e-01
-3.667444633424513656e-01
-3.595892566455714534e-01
-3.439746758628234868e-01
-3.201312406382738063e-01
-2.884328949257500274e-01
-2.493912441804426450e-01
-2.036473351540595833e-01
-1.519611669706734391e-01
-9.519911107164323594e-02
-3.431940244985212662e-02
2.964398995839139656e-02
9.559890421114096426e-02
1.624136126317650419e-01
2.289362012603485264e-01
2.940144194123167631e-01
3.565156063974230793e-01
4.153463799624561581e-01
4.694717354914979546e-01
5.179332229280592115e-01
5.598659007428652412e-01
5.945137129418978095e-01
6.212431079069965500e-01
6.395545600220293725e-01
6.490918199246396014e-01
6.496487962607371269e-01
6.411737810410849114e-01
6.237710793751003457e-01
5.976999484630688420e-01
5.633708496729212811e-01
5.213389782914159554e-01
4.722954398671102005e-01
4.170558816333836405e-01
3.565469507805619775e-01
2.917907909866063187e-01
2.238878454914200178e-01
1.539981323057743601e-01
8.332148474318701314e-02
1.307696281696613290e-02
-5.551812964728809058e-02
-1.212693257512746092e-01
-1.830257630008206848e-01
-2.397003080847247836e-01
-2.902886365021679627e-01
-3.338870338633794232e-01
-3.697084748722641590e-01
-3.970967899171772841e-01
-4.155386319465718681e-01
-4.246730528913214564e-01
-4.242983937929437621e-01
-4.143765911122972989e-01
-3.950345847463118676e-01
-3.665628610786190733e-01
-3.294112382836782427e-01
-2.841818125066964962e-01
-2.316192071387718487e-01
-1.725984589006751835e-01
-1.081103964873663115e-01
-3.924510378200798955e-02
3.282651194736253830e-02
1.068725971770266986e-01
1.816213477236310880e-01
2.557828564137643035e-01
3.280713303532211134e-01
3.972273588034608283e-01
4.620398213261375786e-01
5.213670726512555920e-01
5.741570223150538332e-01
6.194657397705557456e-01
6.564743091322319257e-01
6.845035812231236028e-01
7.030265693165468344e-01
7.116782513560605539e-01
7.102627284868719970e-01
6.987573283742535279e-01
6.773138362939529200e-01
6.462566576476065361e-01
6.060780890575930835e-01
5.574304995414581798e-01
5.011158580043221233e-01
4.380725264144430531e-01
3.693596733397928045e-01
2.961395089762808297e-01
2.196576799149828063e-01
1.412220870321935495e-01
6.218056710369662676e-02
-1.610224799310730134e-02
-9.226846277837465193e-02
-1.649904402787885638e-01
-2.329939004151541371e-01
-2.950802407048819798e-01
-3.501476056491986677e-01
-3.972104097293481240e-01
-4.354169431712529570e-01
-4.640647142740364495e-01
-4.826133218362277932e-01
-4.906945721294591611e-01
-4.881195749952181306e-01
-4.748829796071062925e-01
-4.511638372154400667e-01
-4.173234012245326530e-01
-3.738997104062385390e-01
-3.215991343876490882e-01
-2.612849234449184932e-01
-1.939630024257300578e-01
-1.207652643329123199e-01
-4.293054515866055743e-02
3.821628808708698449e-02
1.212868566440011286e-01
2.048530009416167363e-01
2.874712929044598853e-01
3.677079435820314601e-01
4.441636474853170036e-01
5.154979626031729323e-01
5.804527747560576101e-01
6.378744191694477594e-01
6.867341860888408478e-01
7.261466587220366531e-01
7.553857181304651780e-01
7.738978470958932654e-01
7.813125278137504903e-01
7.774494904969195819e-01
7.623227359221960153e-01
7.361411996812755598e-01
6.993060514696419760e-01
6.524046541771237884e-01
5.962012744617203319e-01
5.316246899584118335e-01
4.597528911793018480e-01
3.817951305135878215e-01
2.990716165720427866e-01
2.129911933142443203e-01
1.250273815032257041e-01
3.669318848458306970e-02
-5.048488212266281916e-02
-1.349931775598518513e-01
-2.153571431289581506e-01
-2.901670160838578649e-01
-3.581025183044357907e-01
-4.179561175124011929e-01
-4.686544466556955002e-01
-5.092775021973904304e-01
-5.390752793112973951e-01
-5.574815445987293394e-01
-5.641244920709300725e-01
-5.588340868966128472e-01
-5.416459523554992828e-01
-5.128017175277013173e-01
-4.727458005613108249e-01
-4.221186711458846941e-01
-3.617466881488685115e-01
-2.926286739419007299e-01
-2.159194420451065743e-01
-1.329105486766818667e-01
-4.500858924544795525e-02
4.628859837043428072e-02
1.394174196397792997e-01
2.327752667711588674e-01
3.247480619776907940e-01
4.137381281222337615e-01
4.981919067412887148e-01
5.766270417050930464e-01
6.476583573730519960e-01
7.100222829037198258e-01
7.625992814729565250e-01
8.044338877601844295e-01
8.347520131427106360e-01
8.529751805717352697e-01
8.587314556423585321e-01
8.518628479093426353e-01
8.324290443006492346e-01
8.007073996836395757e-01
7.571891539935494686e-01
7.025719375208714368e-01
6.377486679491867205e-01
5.637930172928884431e-01
4.819416834656283788e-01
3.935737583140694884e-01
3.001875354918138172e-01
2.033751475606420944e-01
1.047954603695162440e-01
6.145686575905827398e-03
-9.086779767591215973e-02
-1.845589312351463007e-01
-2.732912331131353567e-01
-3.555063468482044797e-01
-4.297513670143334186e-01
-4.947044695537162196e-01
-5.491983942122056206e-01
-5.922413627973327488e-01
-6.230350601728188442e-01
-6.409893510352883128e-01
-6.457334667123044714e-01
-6.371234451643882357e-01
-6.152456855471063468e-01
-5.804165330595867367e-01
-5.331778802586931709e-01
-4.742888510209563591e-01
-4.047136798252449208e-01
-3.256060023909952417e-01
-2.382897873679740153e-01
-1.442371960219369087e-01
-4.504384243875661498e-02
5.759824841932703610e-02
1.619294555201359898e-01
2.661526938330345260e-01
3.684643305566985827e-01
4.670853544067154473e-01
5.602922690336203937e-01
6.464471714759244536e-01
7.240264901303788969e-01
7.916478799369275343e-01
8.480947949306051337e-01
8.923383200775324431e-01
9.235558441867651736e-01
9.411462615615792116e-01
9.447414060679422132e-01
9.342135092695871279e-01
9.096785574803640806e-01
8.714954050917876893e-01
8.202607105835195700e-01
7.567997195788824794e-01
6.821530692788234651e-01
5.975597924486171220e-01
5.044368088418285101e-01
4.043552413969975778e-01
2.990139901661829636e-01
1.902108701268427071e-01
7.981203058765184988e-02
-3.028003528478790535e-02
-1.381592255168892780e-01
-2.419487943341668279e-01
-3.398339567031516961e-01
-4.300935759653428669e-01
-5.111303795551600526e-01
-5.814991726684176632e-01
-6.399325536864660657e-01
-6.853636728002112655e-01
-7.169456310226101081e-01
-7.340671607800752785e-01
-7.363643009814965223e-01
-7.237278689214963201e-01
-6.963065232600248455e-01
-6.545054088702159101e-01
-5.989803463905846170e-01
-5.306276639664039285e-01
-4.505698143247116039e-01
-3.601370136937011579e-01
-2.608452060919365101e-01
-1.543707055115913773e-01
-4.252193487468757666e-02
7.279122912128474510e-02
1.895900272588246782e-01
3.058607218156625396e-01
4.195892854802271144e-01
5.287962336602344271e-01
6.315710250914009505e-01
7.261054502583815795e-01
8.107253985463553914e-01
8.839204544072870595e-01
9.443707733222989065e-01
9.909708208748173597e-01
1.022849502039298031e+00
1.039386329961005551e+00
1.040223334704641234e+00
1.025272487132393495e+00
9.947184850105574849e-01
9.490168344249643173e-01
8.888872439573703987e-01
8.153024034322670088e-01
7.294723462551289117e-01
6.328246214305875972e-01
5.269806182186800303e-01
4.137284213416960177e-01
2.949926619743870604e-01
1.728018576609098023e-01
4.925379737258660934e-02
-7.352042047422042981e-02
-1.933930877281613558e-01
-3.082767376871112797e-01
-4.161604359120531504e-01
-5.151449255913675973e-01
-6.034760211022027754e-01
-6.795756390012677173e-01
-7.420699064644592502e-01
-7.898138954893398900e-01
-8.219125039447555681e-01
-8.377371114272382790e-01
-8.369377033996440174e-01
-8.194502317993307416e-01
-7.854990628698824695e-01
-7.355944460768307769e-01
-6.705250262870313671e-01
-5.913455004949643712e-01
-4.993596310792473014e-01
-3.960988327816271637e-01
-2.832967666116200656e-01
-1.628602828776750666e-01
-3.683724486478981430e-02
9.261823839841118455e-02
2.232825839125712752e-01
3.529008776594025343e-01
4.792257399650674543e-01
6.000562413894969804e-01
7.132761994578533660e-01
8.168911802574497782e-01
9.090635828317427114e-01
9.881451548553140674e-01
1.052706412701150063e+00
1.101562381784533917e+00
1.133794247859509552e+00
1.148766500209113639e+00
1.146139253315908046e+00
1.125875511996003997e+00
1.088243230813807250e+00
1.033812106236297268e+00
9.634451339445393447e-01
8.782850530889017016e-01
7.797358866034682645e-01
6.694398745498291170e-01
5.492501782721714854e-01
4.211998079019713126e-01
2.874672927276674117e-01
1.503396720733960190e-01
1.217343682834732405e-02
-1.246459140453185233e-01
-2.577450083579645446e-01
-3.848037209020905847e-01
-5.035955541296599502e-01
-6.120266060056795965e-01
-7.081724070795142323e-01
-7.903120253492394998e-01
-8.569587775580899125e-01
-9.068870529629199373e-01
-9.391547395060990677e-01
-9.531208510577575677e-01
-9.484580276715172120e-01
-9.251596687977831079e-01
-8.835415491091785922e-01
-8.242378662714875404e-01
-7.481917604766398222e-01
-6.566404450552375538e-01
-5.510951793427296685e-01
-4.333164066871431630e-01
-3.052844657369892523e-01
-1.691663581891502399e-01
-2.727913388601619499e-02
1.179494935347341344e-01
2.640226289948311988e-01
4.084170696751137641e-01
5.486268349280473133e-01
6.822066020282102627e-01
8.068142957349597744e-01
9.202520914702395638e-01
1.020505114951759884e+00
1.105777157793056631e+00
1.174522777375462068e+00
1.225475208874479582e+00
1.257669587300282554e+00
1.270461053536988238e+00
1.263537410325097810e+00
1.236926082014029760e+00
1.190995231518784392e+00
1.126448983738270959e+00
1.044316822077264950e+00
9.459373037885373536e-01
8.329363430409557623e-01
7.072004264035868237e-01
5.708452017698304459e-01
4.261799633004427768e-01
2.756685864447792067e-01
1.218876446476953729e-01
-3.251769325305728375e-02
-1.848790373380065355e-01
-3.325508617843279668e-01
-4.729563804875968613e-01
-6.036324476466641276e-01
-7.222727042727105085e-01
-8.267682136343663668e-01
-9.152448723913870765e-01
-9.860969339995970806e-01
-1.038016046194981001e+00
-1.070015279277743758e+00
-1.081447707624116239e+00
-1.072019194294650424e+00
-1.041795131479302361e+00
-9.912009945183299919e-01
-9.210166667240684557e-01
-8.323646082780437050e-01
-7.266920411474565578e-01
-6.057474327451805030e-01
-4.715516587058050102e-01
-3.263643135618385371e-01
-1.726457393266343232e-01
-1.301539966943662460e-02
1.497926927931494956e-01
3.129767402598908621e-01
4.737153151106058835e-01
6.292160803560549187e-01
7.767642351695084324e-01
9.137698458651314359e-01
1.037813238947493666e+00
1.146687660024235500e+00
1.238438449017061016e+00
1.311398039834772877e+00
1.364216153751904859e+00
1.395884647037660242e+00
1.405756555090053483e+00
1.393558979197818681e+00
1.359399555377533320e+00
1.303766379014592136e+00
1.227521341313432268e+00
1.131886970181013474e+00
1.018426966536021494e+00
8.890207582434632716e-01
7.458324487251064561e-01
5.912747245063060264e-01
4.279682714917729114e-01
2.586974110760023038e-01
8.636269651891825827e-02
-8.606872416857605512e-02
-2.556141296571737276e-01
-4.193267554236052574e-01
-5.743469431318609653e-01
-7.179520229146904020e-01
-8.476040583866248923e-01
-9.609946203148621580e-01
-1.056085799063997133e+00
-1.131146729161220721e+00
-1.184784972561141236e+00
-1.215972194367142434e+00
-1.224063659438296092e+00
-1.208811183490658081e+00
-1.170369285449877728e+00
-1.109294398702815210e+00
-1.026537130040618306e+00
-9.234276570539349249e-01
-8.016544979243278579e-01
-6.632369728227950345e-01
-5.104918202948701689e-01
-3.459945085881644400e-01
-1.725358906663466696e-01
6.925065603659241731e-03
