1.000000000000000000e+00 0.000000000000000000e+00 0.000000000000000000e+00 0.000000000000000000e+00 0.000000000000000000e+00 0.000000000000000000e+00 0.000000000000000000e+00 0.000000000000000000e+00 0.000000000000000000e+00 0.000000000000000000e+00 0.000000000000000000e+00 0.000000000000000000e+00
0.000000000000000000e+00 1.000000000000000000e+00 0.000000000000000000e+00 0.000000000000000000e+00 0.000000000000000000e+00 0.000000000000000000e+00 0.000000000000000000e+00 0.000000000000000000e+00 0.000000000000000000e+00 0.000000000000000000e+00 0.000000000000000000e+00 0.000000000000000000e+00
0.000000000000000000e+00 0.000000000000000000e+00 4.096211275016187159e+01 1.024052818754046790e+01 0.000000000000000000e+00 0.000000000000000000e+00 0.000000000000000000e+00 0.000000000000000000e+00 0.000000000000000000e+00 0.000000000000000000e+00 0.000000000000000000e+00 0.000000000000000000e+00
0.000000000000000000e+00 0.000000000000000000e+00 1.024052818754046790e+01 5.920198070327676199e+00 0.000000000000000000e+00 0.000000000000000000e+00 0.000000000000000000e+00 0.000000000000000000e+00 0.000000000000000000e+00 0.000000000000000000e+00 0.000000000000000000e+00 0.000000000000000000e+00
0.000000000000000000e+00 0.000000000000000000e+00 -2.000000000000000000e+00 -1.000000000000000000e+00 8.500000000000000000e+01 -1.134500000000000000e+03 6.300000000000000000e+03 -1.732500000000000000e+04 2.494800000000000000e+04 -1.801800000000000000e+04 5.148000000000000000e+03 -1.500000000000000000e+00
0.000000000000000000e+00 0.000000000000000000e+00 -1.000000000000000000e+00 -5.000000000000000000e-01 2.875000000000000000e+01 -3.780000000000000000e+02 2.099750000000000000e+03 -5.775000000000000000e+03 8.316000000000000000e+03 -6.006000000000000000e+03 1.716000000000000000e+03 -5.000000000000000000e-01
0.000000000000000000e+00 0.000000000000000000e+00 -6.666666666666666297e-01 -3.333333333333333148e-01 1.899999999999999645e+01 -2.518333333333333428e+02 1.400000000000000000e+03 -3.850166666666666515e+03 5.544000000000000000e+03 -4.004000000000000000e+03 1.144000000000000000e+03 -3.333333333333333148e-01
0.000000000000000000e+00 0.000000000000000000e+00 -5.000000000000000000e-01 -2.500000000000000000e-01 1.425000000000000000e+01 -1.890000000000000000e+02 1.050125000000000000e+03 -2.887500000000000000e+03 4.157875000000000000e+03 -3.003000000000000000e+03 8.580000000000000000e+02 -2.500000000000000000e-01
0.000000000000000000e+00 0.000000000000000000e+00 -4.000000000000000222e-01 -2.000000000000000111e-01 1.140000000000000036e+01 -1.512000000000000171e+02 8.400000000000000000e+02 -2.309900000000000091e+03 3.326400000000000091e+03 -2.402500000000000000e+03 6.864000000000000909e+02 -2.000000000000000111e-01
0.000000000000000000e+00 0.000000000000000000e+00 -3.333333333333333148e-01 -1.666666666666666574e-01 9.499999999999998224e+00 -1.260000000000000000e+02 7.000000000000000000e+02 -1.925000000000000000e+03 2.772083333333333485e+03 -2.002000000000000000e+03 5.719166666666666288e+02 -1.666666666666666574e-01
0.000000000000000000e+00 0.000000000000000000e+00 -2.857142857142856984e-01 -1.428571428571428492e-01 8.142857142857142350e+00 -1.080000000000000000e+02 6.000000000000000000e+02 -1.650000000000000000e+03 2.376000000000000000e+03 -1.715928571428571331e+03 4.902857142857142776e+02 -2.142857142857142738e-01
0.000000000000000000e+00 0.000000000000000000e+00 -2.500000000000000000e-01 -1.250000000000000000e-01 7.125000000000000000e+00 -9.450000000000000000e+01 5.250000000000000000e+02 -1.443750000000000000e+03 2.079000000000000000e+03 -1.501500000000000000e+03 4.290625000000000000e+02 -1.250000000000000000e-01
