1.000000000000000000e+00
1.004208416833667350e+00
1.008416833667334700e+00
1.012625250501002050e+00
1.016833667334669400e+00
1.021042084168336750e+00
1.025250501002004100e+00
1.029458917835671450e+00
1.033667334669338578e+00
1.037875751503005928e+00
1.042084168336673278e+00
1.046292585170340628e+00
1.050501002004007978e+00
1.054709418837675328e+00
1.058917835671342678e+00
1.063126252505010028e+00
1.067334669338677378e+00
1.071543086172344728e+00
1.075751503006012078e+00
1.079959919839679428e+00
1.084168336673346777e+00
1.088376753507014127e+00
1.092585170340681477e+00
1.096793587174348605e+00
1.101002004008015955e+00
1.105210420841683305e+00
1.109418837675350655e+00
1.113627254509018005e+00
1.117835671342685355e+00
1.122044088176352705e+00
1.126252505010020055e+00
1.130460921843687405e+00
1.134669338677354755e+00
1.138877755511022105e+00
1.143086172344689455e+00
1.147294589178356805e+00
1.151503006012024155e+00
1.155711422845691505e+00
1.159919839679358855e+00
1.164128256513025983e+00
1.168336673346693333e+00
1.172545090180360683e+00
1.176753507014028033e+00
1.180961923847695383e+00
1.185170340681362733e+00
1.189378757515030083e+00
1.193587174348697433e+00
1.197795591182364783e+00
1.202004008016032133e+00
1.206212424849699483e+00
1.210420841683366833e+00
1.214629258517034183e+00
1.218837675350701311e+00
1.223046092184368661e+00
1.227254509018036011e+00
1.231462925851703361e+00
1.235671342685370711e+00
1.239879759519038060e+00
1.244088176352705410e+00
1.248296593186372760e+00
1.252505010020040110e+00
1.256713426853707460e+00
1.260921843687374810e+00
1.265130260521042160e+00
1.269338677354709510e+00
1.273547094188376860e+00
1.277755511022044210e+00
1.281963927855711560e+00
1.286172344689378910e+00
1.290380761523046260e+00
1.294589178356713388e+00
1.298797595190380738e+00
1.303006012024048088e+00
1.307214428857715438e+00
1.311422845691382788e+00
1.315631262525050138e+00
1.319839679358717488e+00
1.324048096192384838e+00
1.328256513026052188e+00
1.332464929859719538e+00
1.336673346693386888e+00
1.340881763527054016e+00
1.345090180360721366e+00
1.349298597194388716e+00
1.353507014028056066e+00
1.357715430861723416e+00
1.361923847695390766e+00
1.366132264529058116e+00
1.370340681362725466e+00
1.374549098196392816e+00
1.378757515030060166e+00
1.382965931863727516e+00
1.387174348697394866e+00
1.391382765531062216e+00
1.395591182364729566e+00
1.399799599198396916e+00
1.404008016032064265e+00
1.408216432865731615e+00
1.412424849699398965e+00
1.416633266533066315e+00
1.420841683366733443e+00
1.425050100200400793e+00
1.429258517034068143e+00
1.433466933867735493e+00
1.437675350701402843e+00
1.441883767535070193e+00
1.446092184368737543e+00
1.450300601202404893e+00
1.454509018036072243e+00
1.458717434869739593e+00
1.462925851703406943e+00
1.467134268537074293e+00
1.471342685370741421e+00
1.475551102204408771e+00
1.479759519038076121e+00
1.483967935871743471e+00
1.488176352705410821e+00
1.492384769539078171e+00
1.496593186372745521e+00
1.500801603206412871e+00
1.505010020040080221e+00
1.509218436873747571e+00
1.513426853707414921e+00
1.517635270541082271e+00
1.521843687374749621e+00
1.526052104208416971e+00
1.530260521042084321e+00
1.534468937875751671e+00
1.538677354709419021e+00
1.542885771543086371e+00
1.547094188376753721e+00
1.551302605210421071e+00
1.555511022044088199e+00
1.559719438877755548e+00
1.563927855711422898e+00
1.568136272545090248e+00
1.572344689378757598e+00
1.576553106212424948e+00
1.580761523046092298e+00
1.584969939879759648e+00
1.589178356713426776e+00
1.593386773547094126e+00
1.597595190380761476e+00
1.601803607214428826e+00
1.606012024048096176e+00
1.610220440881763526e+00
1.614428857715430876e+00
1.618637274549098226e+00
1.622845691382765576e+00
1.627054108216432926e+00
1.631262525050100276e+00
1.635470941883767626e+00
1.639679358717434976e+00
1.643887775551102326e+00
1.648096192384769676e+00
1.652304609218437026e+00
1.656513026052104376e+00
1.660721442885771726e+00
1.664929859719439076e+00
1.669138276553106426e+00
1.673346693386773776e+00
1.677555110220441126e+00
1.681763527054108254e+00
1.685971943887775604e+00
1.690180360721442954e+00
1.694388777555110304e+00
1.698597194388777654e+00
1.702805611222445004e+00
1.707014028056112354e+00
1.711222444889779704e+00
1.715430861723446831e+00
1.719639278557114181e+00
1.723847695390781531e+00
1.728056112224448881e+00
1.732264529058116231e+00
1.736472945891783581e+00
1.740681362725450931e+00
1.744889779559118281e+00
1.749098196392785631e+00
1.753306613226452981e+00
1.757515030060120331e+00
1.761723446893787681e+00
1.765931863727455031e+00
1.770140280561122381e+00
1.774348697394789731e+00
1.778557114228457081e+00
1.782765531062124431e+00
1.786973947895791781e+00
1.791182364729459131e+00
1.795390781563126481e+00
1.799599198396793831e+00
1.803807615230461181e+00
1.808016032064128309e+00
1.812224448897795659e+00
1.816432865731463009e+00
1.820641282565130359e+00
1.824849699398797709e+00
1.829058116232465059e+00
1.833266533066132409e+00
1.837474949899799759e+00
1.841683366733466887e+00
1.845891783567134237e+00
1.850100200400801587e+00
1.854308617234468937e+00
1.858517034068136287e+00
1.862725450901803637e+00
1.866933867735470987e+00
1.871142284569138337e+00
1.875350701402805687e+00
1.879559118236473036e+00
1.883767535070140386e+00
1.887975951903807736e+00
1.892184368737475086e+00
1.896392785571142436e+00
1.900601202404809786e+00
1.904809619238477136e+00
1.909018036072144486e+00
1.913226452905811836e+00
1.917434869739479186e+00
1.921643286573146536e+00
1.925851703406813886e+00
1.930060120240481236e+00
1.934268537074148586e+00
1.938476953907815714e+00
1.942685370741483064e+00
1.946893787575150414e+00
1.951102204408817764e+00
1.955310621242485114e+00
1.959519038076152464e+00
1.963727454909819814e+00
1.967935871743486942e+00
1.972144288577154292e+00
1.976352705410821642e+00
1.980561122244488992e+00
1.984769539078156342e+00
1.988977955911823692e+00
1.993186372745491042e+00
1.997394789579158392e+00
2.001603206412825742e+00
2.005811623246493092e+00
2.010020040080160442e+00
2.014228456913827792e+00
2.018436873747495142e+00
2.022645290581162492e+00
2.026853707414829842e+00
2.031062124248497192e+00
2.035270541082164542e+00
2.039478957915831892e+00
2.043687374749499241e+00
2.047895791583166591e+00
2.052104208416833941e+00
2.056312625250501291e+00
2.060521042084168641e+00
2.064729458917835991e+00
2.068937875751503341e+00
2.073146292585170691e+00
2.077354709418838041e+00
2.081563126252505391e+00
2.085771543086172741e+00
2.089979959919840091e+00
2.094188376753507441e+00
2.098396793587174791e+00
2.102605210420842141e+00
2.106813627254509491e+00
2.111022044088176397e+00
2.115230460921843747e+00
2.119438877755511097e+00
2.123647294589178447e+00
2.127855711422845797e+00
2.132064128256513147e+00
2.136272545090180497e+00
2.140480961923847847e+00
2.144689378757515197e+00
2.148897795591182547e+00
2.153106212424849897e+00
2.157314629258517247e+00
2.161523046092184597e+00
2.165731462925851947e+00
2.169939879759519297e+00
2.174148296593186203e+00
2.178356713426853553e+00
2.182565130260520903e+00
2.186773547094188253e+00
2.190981963927855602e+00
2.195190380761522952e+00
2.199398797595190302e+00
2.203607214428857652e+00
2.207815631262525002e+00
2.212024048096192352e+00
2.216232464929859702e+00
2.220440881763527052e+00
2.224649298597194402e+00
2.228857715430861752e+00
2.233066132264529102e+00
2.237274549098196452e+00
2.241482965931863802e+00
2.245691382765531152e+00
2.249899799599198502e+00
2.254108216432865852e+00
2.258316633266533202e+00
2.262525050100200552e+00
2.266733466933867902e+00
2.270941883767535252e+00
2.275150300601202602e+00
2.279358717434869952e+00
2.283567134268537302e+00
2.287775551102204652e+00
2.291983967935872002e+00
2.296192384769539352e+00
2.300400801603206702e+00
2.304609218436874052e+00
2.308817635270541402e+00
2.313026052104208752e+00
2.317234468937876102e+00
2.321442885771543452e+00
2.325651302605210802e+00
2.329859719438878152e+00
2.334068136272545502e+00
2.338276553106212852e+00
2.342484969939880202e+00
2.346693386773547552e+00
2.350901803607214902e+00
2.355110220440882252e+00
2.359318637274549602e+00
2.363527054108216507e+00
2.367735470941883857e+00
2.371943887775551207e+00
2.376152304609218557e+00
2.380360721442885907e+00
2.384569138276553257e+00
2.388777555110220607e+00
2.392985971943887957e+00
2.397194388777555307e+00
2.401402805611222657e+00
2.405611222444890007e+00
2.409819639278557357e+00
2.414028056112224707e+00
2.418236472945892057e+00
2.422444889779559407e+00
2.426653306613226313e+00
2.430861723446893663e+00
2.435070140280561013e+00
2.439278557114228363e+00
2.443486973947895713e+00
2.447695390781563063e+00
2.451903807615230413e+00
2.456112224448897763e+00
2.460320641282565113e+00
2.464529058116232463e+00
2.468737474949899813e+00
2.472945891783567163e+00
2.477154308617234513e+00
2.481362725450901863e+00
2.485571142284569213e+00
2.489779559118236563e+00
2.493987975951903913e+00
2.498196392785571263e+00
2.502404809619238613e+00
2.506613226452905963e+00
2.510821643286573313e+00
2.515030060120240663e+00
2.519238476953908012e+00
2.523446893787575362e+00
2.527655310621242712e+00
2.531863727454910062e+00
2.536072144288577412e+00
2.540280561122244762e+00
2.544488977955912112e+00
2.548697394789579462e+00
2.552905811623246812e+00
2.557114228456914162e+00
2.561322645290581512e+00
2.565531062124248862e+00
2.569739478957916212e+00
2.573947895791583562e+00
2.578156312625250912e+00
2.582364729458918262e+00
2.586573146292585612e+00
2.590781563126252962e+00
2.594989979959920312e+00
2.599198396793587662e+00
2.603406813627255012e+00
2.607615230460922362e+00
2.611823647294589712e+00
2.616032064128256618e+00
2.620240480961923968e+00
2.624448897795591318e+00
2.628657314629258668e+00
2.632865731462926018e+00
2.637074148296593368e+00
2.641282565130260718e+00
2.645490981963928068e+00
2.649699398797595418e+00
2.653907815631262768e+00
2.658116232464930118e+00
2.662324649298597468e+00
2.666533066132264818e+00
2.670741482965932168e+00
2.674949899799599518e+00
2.679158316633266868e+00
2.683366733466933773e+00
2.687575150300601123e+00
2.691783567134268473e+00
2.695991983967935823e+00
2.700200400801603173e+00
2.704408817635270523e+00
2.708617234468937873e+00
2.712825651302605223e+00
2.717034068136272573e+00
2.721242484969939923e+00
2.725450901803607273e+00
2.729659318637274623e+00
2.733867735470941973e+00
2.738076152304609323e+00
2.742284569138276673e+00
2.746492985971944023e+00
2.750701402805611373e+00
2.754909819639278723e+00
2.759118236472946073e+00
2.763326653306613423e+00
2.767535070140280773e+00
2.771743486973948123e+00
2.775951903807615473e+00
2.780160320641282823e+00
2.784368737474950173e+00
2.788577154308617523e+00
2.792785571142284873e+00
2.796993987975952223e+00
2.801202404809619573e+00
2.805410821643286923e+00
2.809619238476954273e+00
2.813827655310621623e+00
2.818036072144288973e+00
2.822244488977956323e+00
2.826452905811623673e+00
2.830661322645291023e+00
2.834869739478958373e+00
2.839078156312625723e+00
2.843286573146293073e+00
2.847494989979960422e+00
2.851703406813627772e+00
2.855911823647295122e+00
2.860120240480962472e+00
2.864328657314629822e+00
2.868537074148297172e+00
2.872745490981964078e+00
2.876953907815631428e+00
2.881162324649298778e+00
2.885370741482966128e+00
2.889579158316633478e+00
2.893787575150300828e+00
2.897995991983968178e+00
2.902204408817635528e+00
2.906412825651302878e+00
2.910621242484970228e+00
2.914829659318637578e+00
2.919038076152304928e+00
2.923246492985972278e+00
2.927454909819639628e+00
2.931663326653306978e+00
2.935871743486973884e+00
2.940080160320641234e+00
2.944288577154308584e+00
2.948496993987975934e+00
2.952705410821643284e+00
2.956913827655310634e+00
2.961122244488977984e+00
2.965330661322645334e+00
2.969539078156312684e+00
2.973747494989980034e+00
2.977955911823647384e+00
2.982164328657314734e+00
2.986372745490982084e+00
2.990581162324649434e+00
2.994789579158316783e+00
2.998997995991984133e+00
3.003206412825651483e+00
3.007414829659318833e+00
3.011623246492986183e+00
3.015831663326653533e+00
3.020040080160320883e+00
3.024248496993988233e+00
3.028456913827655583e+00
3.032665330661322933e+00
3.036873747494990283e+00
3.041082164328657633e+00
3.045290581162324983e+00
3.049498997995992333e+00
3.053707414829659683e+00
3.057915831663327033e+00
3.062124248496994383e+00
3.066332665330661733e+00
3.070541082164329083e+00
3.074749498997996433e+00
3.078957915831663783e+00
3.083166332665331133e+00
3.087374749498998483e+00
3.091583166332665389e+00
3.095791583166332739e+00
3.100000000000000089e+00
