2.099999999999999922e-01
2.147947947947947966e-01
2.195895895895895733e-01
2.243843843843843777e-01
2.291791791791791821e-01
2.339739739739739588e-01
2.387687687687687632e-01
2.435635635635635676e-01
2.483583583583583443e-01
2.531531531531531209e-01
2.579479479479479531e-01
2.627427427427427298e-01
2.675375375375375064e-01
2.723323323323323386e-01
2.771271271271271153e-01
2.819219219219218919e-01
2.867167167167167241e-01
2.915115115115115008e-01
2.963063063063062774e-01
3.011011011011011096e-01
3.058958958958958863e-01
3.106906906906906629e-01
3.154854854854854951e-01
3.202802802802802717e-01
3.250750750750750484e-01
3.298698698698698806e-01
3.346646646646646572e-01
3.394594594594594339e-01
3.442542542542542661e-01
3.490490490490490427e-01
3.538438438438438194e-01
3.586386386386386516e-01
3.634334334334334282e-01
3.682282282282282049e-01
3.730230230230230370e-01
3.778178178178178137e-01
3.826126126126125904e-01
3.874074074074074225e-01
3.922022022022021992e-01
3.969969969969969759e-01
4.017917917917918080e-01
4.065865865865865847e-01
4.113813813813813614e-01
4.161761761761761935e-01
4.209709709709709702e-01
4.257657657657657468e-01
4.305605605605605790e-01
4.353553553553553557e-01
4.401501501501501323e-01
4.449449449449449645e-01
4.497397397397397412e-01
4.545345345345345178e-01
4.593293293293293500e-01
4.641241241241240711e-01
4.689189189189189033e-01
4.737137137137137355e-01
4.785085085085084566e-01
4.833033033033032888e-01
4.880980980980981210e-01
4.928928928928928421e-01
4.976876876876876743e-01
5.024824824824825065e-01
5.072772772772772276e-01
5.120720720720720598e-01
5.168668668668668920e-01
5.216616616616616131e-01
5.264564564564564453e-01
5.312512512512512775e-01
5.360460460460459986e-01
5.408408408408408308e-01
5.456356356356356629e-01
5.504304304304303841e-01
5.552252252252252163e-01
5.600200200200200484e-01
5.648148148148147696e-01
5.696096096096096018e-01
5.744044044044044339e-01
5.791991991991991551e-01
5.839939939939939872e-01
5.887887887887888194e-01
5.935835835835835406e-01
5.983783783783783727e-01
6.031731731731732049e-01
6.079679679679679261e-01
6.127627627627627582e-01
6.175575575575575904e-01
6.223523523523523115e-01
6.271471471471471437e-01
6.319419419419419759e-01
6.367367367367366970e-01
6.415315315315315292e-01
6.463263263263263614e-01
6.511211211211210825e-01
6.559159159159159147e-01
6.607107107107107469e-01
6.655055055055054680e-01
6.703003003003003002e-01
6.750950950950951324e-01
6.798898898898898535e-01
6.846846846846846857e-01
6.894794794794795179e-01
6.942742742742742390e-01
6.990690690690690712e-01
7.038638638638639033e-01
7.086586586586586245e-01
7.134534534534534567e-01
7.182482482482481778e-01
7.230430430430430100e-01
7.278378378378378422e-01
7.326326326326325633e-01
7.374274274274273955e-01
7.422222222222222276e-01
7.470170170170169488e-01
7.518118118118117810e-01
7.566066066066066131e-01
7.614014014014013343e-01
7.661961961961961665e-01
7.709909909909909986e-01
7.757857857857857198e-01
7.805805805805805520e-01
7.853753753753753841e-01
7.901701701701701053e-01
7.949649649649649374e-01
7.997597597597597696e-01
8.045545545545544908e-01
8.093493493493493229e-01
8.141441441441441551e-01
8.189389389389388763e-01
8.237337337337337084e-01
8.285285285285285406e-01
8.333233233233232617e-01
8.381181181181180939e-01
8.429129129129129261e-01
8.477077077077076472e-01
8.525025025025024794e-01
8.572972972972973116e-01
8.620920920920920327e-01
8.668868868868868649e-01
8.716816816816816971e-01
8.764764764764764182e-01
8.812712712712712504e-01
8.860660660660660826e-01
8.908608608608608037e-01
8.956556556556556359e-01
9.004504504504504681e-01
9.052452452452451892e-01
9.100400400400400214e-01
9.148348348348348535e-01
9.196296296296295747e-01
9.244244244244244069e-01
9.292192192192192390e-01
9.340140140140139602e-01
9.388088088088087924e-01
9.436036036036036245e-01
9.483983983983983457e-01
9.531931931931931778e-01
9.579879879879880100e-01
9.627827827827827312e-01
9.675775775775775633e-01
9.723723723723723955e-01
9.771671671671671167e-01
9.819619619619619488e-01
9.867567567567567810e-01
9.915515515515515022e-01
9.963463463463463343e-01
1.001141141141141278e+00
1.005935935935935888e+00
1.010730730730730720e+00
1.015525525525525552e+00
1.020320320320320384e+00
1.025115115115115216e+00
1.029909909909910048e+00
1.034704704704704659e+00
1.039499499499499491e+00
1.044294294294294323e+00
1.049089089089089155e+00
1.053883883883883987e+00
1.058678678678678819e+00
1.063473473473473430e+00
1.068268268268268262e+00
1.073063063063063094e+00
1.077857857857857926e+00
1.082652652652652758e+00
1.087447447447447590e+00
1.092242242242242201e+00
1.097037037037037033e+00
1.101831831831831865e+00
1.106626626626626697e+00
1.111421421421421529e+00
1.116216216216216361e+00
1.121011011011010972e+00
1.125805805805805804e+00
1.130600600600600636e+00
1.135395395395395468e+00
1.140190190190190300e+00
1.144984984984984910e+00
1.149779779779779743e+00
1.154574574574574575e+00
1.159369369369369407e+00
1.164164164164164239e+00
1.168958958958959071e+00
1.173753753753753681e+00
1.178548548548548514e+00
1.183343343343343346e+00
1.188138138138138178e+00
1.192932932932933010e+00
1.197727727727727842e+00
1.202522522522522452e+00
1.207317317317317285e+00
1.212112112112112117e+00
1.216906906906906949e+00
1.221701701701701781e+00
1.226496496496496391e+00
1.231291291291291223e+00
1.236086086086086056e+00
1.240880880880880888e+00
1.245675675675675720e+00
1.250470470470470552e+00
1.255265265265265162e+00
1.260060060060059994e+00
1.264854854854854826e+00
1.269649649649649659e+00
1.274444444444444491e+00
1.279239239239239323e+00
1.284034034034033933e+00
1.288828828828828765e+00
1.293623623623623597e+00
1.298418418418418430e+00
1.303213213213213262e+00
1.308008008008008094e+00
1.312802802802802704e+00
1.317597597597597536e+00
1.322392392392392368e+00
1.327187187187187201e+00
1.331981981981982033e+00
1.336776776776776865e+00
1.341571571571571475e+00
1.346366366366366307e+00
1.351161161161161139e+00
1.355955955955955972e+00
1.360750750750750804e+00
1.365545545545545636e+00
1.370340340340340246e+00
1.375135135135135078e+00
1.379929929929929910e+00
1.384724724724724743e+00
1.389519519519519575e+00
1.394314314314314407e+00
1.399109109109109017e+00
1.403903903903903849e+00
1.408698698698698681e+00
1.413493493493493514e+00
1.418288288288288346e+00
1.423083083083083178e+00
1.427877877877877788e+00
1.432672672672672620e+00
1.437467467467467452e+00
1.442262262262262285e+00
1.447057057057057117e+00
1.451851851851851727e+00
1.456646646646646559e+00
1.461441441441441391e+00
1.466236236236236223e+00
1.471031031031031056e+00
1.475825825825825888e+00
1.480620620620620498e+00
1.485415415415415330e+00
1.490210210210210162e+00
1.495005005005004994e+00
1.499799799799799827e+00
1.504594594594594659e+00
1.509389389389389269e+00
1.514184184184184101e+00
1.518978978978978933e+00
1.523773773773773765e+00
1.528568568568568597e+00
1.533363363363363430e+00
1.538158158158158040e+00
1.542952952952952872e+00
1.547747747747747704e+00
1.552542542542542536e+00
1.557337337337337368e+00
1.562132132132132201e+00
1.566926926926926811e+00
1.571721721721721643e+00
1.576516516516516475e+00
1.581311311311311307e+00
1.586106106106106139e+00
1.590900900900900972e+00
1.595695695695695582e+00
1.600490490490490414e+00
1.605285285285285246e+00
1.610080080080080078e+00
1.614874874874874910e+00
1.619669669669669743e+00
1.624464464464464353e+00
1.629259259259259185e+00
1.634054054054054017e+00
1.638848848848848849e+00
1.643643643643643681e+00
1.648438438438438514e+00
1.653233233233233124e+00
1.658028028028027956e+00
1.662822822822822788e+00
1.667617617617617620e+00
1.672412412412412452e+00
1.677207207207207285e+00
1.682002002002001895e+00
1.686796796796796727e+00
1.691591591591591559e+00
1.696386386386386391e+00
1.701181181181181223e+00
1.705975975975976056e+00
1.710770770770770666e+00
1.715565565565565498e+00
1.720360360360360330e+00
1.725155155155155162e+00
1.729949949949949994e+00
1.734744744744744827e+00
1.739539539539539437e+00
1.744334334334334269e+00
1.749129129129129101e+00
1.753923923923923933e+00
1.758718718718718765e+00
1.763513513513513598e+00
1.768308308308308208e+00
1.773103103103103040e+00
1.777897897897897872e+00
1.782692692692692704e+00
1.787487487487487536e+00
1.792282282282282369e+00
1.797077077077076979e+00
1.801871871871871811e+00
1.806666666666666643e+00
1.811461461461461475e+00
1.816256256256256307e+00
1.821051051051051139e+00
1.825845845845845750e+00
1.830640640640640582e+00
1.835435435435435414e+00
1.840230230230230246e+00
1.845025025025025078e+00
1.849819819819819910e+00
1.854614614614614521e+00
1.859409409409409353e+00
1.864204204204204185e+00
1.868998998998999017e+00
1.873793793793793849e+00
1.878588588588588681e+00
1.883383383383383292e+00
1.888178178178178124e+00
1.892972972972972956e+00
1.897767767767767788e+00
1.902562562562562620e+00
1.907357357357357452e+00
1.912152152152152063e+00
1.916946946946946895e+00
1.921741741741741727e+00
1.926536536536536559e+00
1.931331331331331391e+00
1.936126126126126223e+00
1.940920920920920834e+00
1.945715715715715666e+00
1.950510510510510498e+00
1.955305305305305330e+00
1.960100100100100162e+00
1.964894894894894994e+00
1.969689689689689605e+00
1.974484484484484437e+00
1.979279279279279269e+00
1.984074074074074101e+00
1.988868868868868933e+00
1.993663663663663765e+00
1.998458458458458376e+00
2.003253253253253430e+00
2.008048048048048262e+00
2.012842842842843094e+00
2.017637637637637926e+00
2.022432432432432758e+00
2.027227227227227146e+00
2.032022022022021979e+00
2.036816816816816811e+00
2.041611611611611643e+00
2.046406406406406475e+00
2.051201201201201307e+00
2.055995995995996140e+00
2.060790790790790972e+00
2.065585585585585804e+00
2.070380380380380636e+00
2.075175175175175468e+00
2.079969969969969856e+00
2.084764764764764688e+00
2.089559559559559521e+00
2.094354354354354353e+00
2.099149149149149185e+00
2.103943943943944017e+00
2.108738738738738849e+00
2.113533533533533681e+00
2.118328328328328514e+00
2.123123123123123346e+00
2.127917917917918178e+00
2.132712712712713010e+00
2.137507507507507398e+00
2.142302302302302230e+00
2.147097097097097063e+00
2.151891891891891895e+00
2.156686686686686727e+00
2.161481481481481559e+00
2.166276276276276391e+00
2.171071071071071223e+00
2.175865865865866056e+00
2.180660660660660888e+00
2.185455455455455720e+00
2.190250250250250552e+00
2.195045045045044940e+00
2.199839839839839772e+00
2.204634634634634605e+00
2.209429429429429437e+00
2.214224224224224269e+00
2.219019019019019101e+00
2.223813813813813933e+00
2.228608608608608765e+00
2.233403403403403598e+00
2.238198198198197986e+00
2.242992992992992818e+00
2.247787787787787650e+00
2.252582582582582482e+00
2.257377377377377314e+00
2.262172172172172147e+00
2.266966966966966979e+00
2.271761761761761811e+00
2.276556556556556643e+00
2.281351351351351475e+00
2.286146146146146307e+00
2.290940940940941140e+00
2.295735735735735528e+00
2.300530530530530360e+00
2.305325325325325192e+00
2.310120120120120024e+00
2.314914914914914856e+00
2.319709709709709688e+00
2.324504504504504521e+00
2.329299299299299353e+00
2.334094094094094185e+00
2.338888888888889017e+00
2.343683683683683849e+00
2.348478478478478682e+00
2.353273273273273070e+00
2.358068068068067902e+00
2.362862862862862734e+00
2.367657657657657566e+00
2.372452452452452398e+00
2.377247247247247230e+00
2.382042042042042063e+00
2.386836836836836895e+00
2.391631631631631727e+00
2.396426426426426559e+00
2.401221221221221391e+00
2.406016016016016223e+00
2.410810810810810612e+00
2.415605605605605444e+00
2.420400400400400276e+00
2.425195195195195108e+00
2.429989989989989940e+00
2.434784784784784772e+00
2.439579579579579605e+00
2.444374374374374437e+00
2.449169169169169269e+00
2.453963963963964101e+00
2.458758758758758933e+00
2.463553553553553765e+00
2.468348348348348154e+00
2.473143143143142986e+00
2.477937937937937818e+00
2.482732732732732650e+00
2.487527527527527482e+00
2.492322322322322314e+00
2.497117117117117147e+00
2.501911911911911979e+00
2.506706706706706811e+00
2.511501501501501643e+00
2.516296296296296475e+00
2.521091091091091307e+00
2.525885885885885696e+00
2.530680680680680528e+00
2.535475475475475360e+00
2.540270270270270192e+00
2.545065065065065024e+00
2.549859859859859856e+00
2.554654654654654689e+00
2.559449449449449521e+00
2.564244244244244353e+00
2.569039039039039185e+00
2.573833833833834017e+00
2.578628628628628849e+00
2.583423423423423237e+00
2.588218218218218070e+00
2.593013013013012902e+00
2.597807807807807734e+00
2.602602602602602566e+00
2.607397397397397398e+00
2.612192192192192230e+00
2.616986986986987063e+00
2.621781781781781895e+00
2.626576576576576727e+00
2.631371371371371559e+00
2.636166166166166391e+00
2.640960960960960779e+00
2.645755755755755612e+00
2.650550550550550444e+00
2.655345345345345276e+00
2.660140140140140108e+00
2.664934934934934940e+00
2.669729729729729772e+00
2.674524524524524605e+00
2.679319319319319437e+00
2.684114114114114269e+00
2.688908908908909101e+00
2.693703703703703489e+00
2.698498498498498321e+00
2.703293293293293154e+00
2.708088088088087986e+00
2.712882882882882818e+00
2.717677677677677650e+00
2.722472472472472482e+00
2.727267267267267314e+00
2.732062062062062147e+00
2.736856856856856979e+00
2.741651651651651811e+00
2.746446446446446643e+00
2.751241241241241031e+00
2.756036036036035863e+00
2.760830830830830696e+00
2.765625625625625528e+00
2.770420420420420360e+00
2.775215215215215192e+00
2.780010010010010024e+00
2.784804804804804856e+00
2.789599599599599689e+00
2.794394394394394521e+00
2.799189189189189353e+00
2.803983983983984185e+00
2.808778778778778573e+00
2.813573573573573405e+00
2.818368368368368237e+00
2.823163163163163070e+00
2.827957957957957902e+00
2.832752752752752734e+00
2.837547547547547566e+00
2.842342342342342398e+00
2.847137137137137231e+00
2.851931931931932063e+00
2.856726726726726895e+00
2.861521521521521727e+00
2.866316316316316115e+00
2.871111111111110947e+00
2.875905905905905779e+00
2.880700700700700612e+00
2.885495495495495444e+00
2.890290290290290276e+00
2.895085085085085108e+00
2.899879879879879940e+00
2.904674674674674772e+00
2.909469469469469605e+00
2.914264264264264437e+00
2.919059059059059269e+00
2.923853853853853657e+00
2.928648648648648489e+00
2.933443443443443321e+00
2.938238238238238154e+00
2.943033033033032986e+00
2.947827827827827818e+00
2.952622622622622650e+00
2.957417417417417482e+00
2.962212212212212314e+00
2.967007007007007147e+00
2.971801801801801979e+00
2.976596596596596811e+00
2.981391391391391199e+00
2.986186186186186031e+00
2.990980980980980863e+00
2.995775775775775696e+00
3.000570570570570528e+00
3.005365365365365360e+00
3.010160160160160192e+00
3.014954954954955024e+00
3.019749749749749856e+00
3.024544544544544689e+00
3.029339339339339521e+00
3.034134134134134353e+00
3.038928928928928741e+00
3.043723723723723573e+00
3.048518518518518405e+00
3.053313313313313238e+00
3.058108108108108070e+00
3.062902902902902902e+00
3.067697697697697734e+00
3.072492492492492566e+00
3.077287287287287398e+00
3.082082082082082231e+00
3.086876876876877063e+00
3.091671671671671895e+00
3.096466466466466283e+00
3.101261261261261115e+00
3.106056056056055947e+00
3.110850850850850779e+00
3.115645645645645612e+00
3.120440440440440444e+00
3.125235235235235276e+00
3.130030030030030108e+00
3.134824824824824940e+00
3.139619619619619773e+00
3.144414414414414605e+00
3.149209209209209437e+00
3.154004004004003825e+00
3.158798798798798657e+00
3.163593593593593489e+00
3.168388388388388321e+00
3.173183183183183154e+00
3.177977977977977986e+00
3.182772772772772818e+00
3.187567567567567650e+00
3.192362362362362482e+00
3.197157157157157314e+00
3.201951951951952147e+00
3.206746746746746979e+00
3.211541541541541367e+00
3.216336336336336199e+00
3.221131131131131031e+00
3.225925925925925863e+00
3.230720720720720696e+00
3.235515515515515528e+00
3.240310310310310360e+00
3.245105105105105192e+00
3.249899899899900024e+00
3.254694694694694856e+00
3.259489489489489689e+00
3.264284284284284521e+00
3.269079079079078909e+00
3.273873873873873741e+00
3.278668668668668573e+00
3.283463463463463405e+00
3.288258258258258238e+00
3.293053053053053070e+00
3.297847847847847902e+00
3.302642642642642734e+00
3.307437437437437566e+00
3.312232232232232398e+00
3.317027027027027231e+00
3.321821821821821619e+00
3.326616616616616451e+00
3.331411411411411283e+00
3.336206206206206115e+00
3.341001001001000947e+00
3.345795795795795780e+00
3.350590590590590612e+00
3.355385385385385444e+00
3.360180180180180276e+00
3.364974974974975108e+00
3.369769769769769940e+00
3.374564564564564773e+00
3.379359359359359161e+00
3.384154154154153993e+00
3.388948948948948825e+00
3.393743743743743657e+00
3.398538538538538489e+00
3.403333333333333321e+00
3.408128128128128154e+00
3.412922922922922986e+00
3.417717717717717818e+00
3.422512512512512650e+00
3.427307307307307482e+00
3.432102102102102315e+00
3.436896896896896703e+00
3.441691691691691535e+00
3.446486486486486367e+00
3.451281281281281199e+00
3.456076076076076031e+00
3.460870870870870863e+00
3.465665665665665696e+00
3.470460460460460528e+00
3.475255255255255360e+00
3.480050050050050192e+00
3.484844844844845024e+00
3.489639639639639856e+00
3.494434434434434245e+00
3.499229229229229077e+00
3.504024024024023909e+00
3.508818818818818741e+00
3.513613613613613573e+00
3.518408408408408405e+00
3.523203203203203238e+00
3.527997997997998070e+00
3.532792792792792902e+00
3.537587587587587734e+00
3.542382382382382566e+00
3.547177177177177398e+00
3.551971971971971787e+00
3.556766766766766619e+00
3.561561561561561451e+00
3.566356356356356283e+00
3.571151151151151115e+00
3.575945945945945947e+00
3.580740740740740780e+00
3.585535535535535612e+00
3.590330330330330444e+00
3.595125125125125276e+00
3.599919919919920108e+00
3.604714714714714940e+00
3.609509509509509328e+00
3.614304304304304161e+00
3.619099099099098993e+00
3.623893893893893825e+00
3.628688688688688657e+00
3.633483483483483489e+00
3.638278278278278322e+00
3.643073073073073154e+00
3.647867867867867986e+00
3.652662662662662818e+00
3.657457457457457650e+00
3.662252252252252482e+00
3.667047047047046870e+00
3.671841841841841703e+00
3.676636636636636535e+00
3.681431431431431367e+00
3.686226226226226199e+00
3.691021021021021031e+00
3.695815815815815863e+00
3.700610610610610696e+00
3.705405405405405528e+00
3.710200200200200360e+00
3.714994994994995192e+00
3.719789789789790024e+00
3.724584584584584412e+00
3.729379379379379245e+00
3.734174174174174077e+00
3.738968968968968909e+00
3.743763763763763741e+00
3.748558558558558573e+00
3.753353353353353405e+00
3.758148148148148238e+00
3.762942942942943070e+00
3.767737737737737902e+00
3.772532532532532734e+00
3.777327327327327566e+00
3.782122122122121954e+00
3.786916916916916787e+00
3.791711711711711619e+00
3.796506506506506451e+00
3.801301301301301283e+00
3.806096096096096115e+00
3.810890890890890947e+00
3.815685685685685780e+00
3.820480480480480612e+00
3.825275275275275444e+00
3.830070070070070276e+00
3.834864864864865108e+00
3.839659659659659496e+00
3.844454454454454329e+00
3.849249249249249161e+00
3.854044044044043993e+00
3.858838838838838825e+00
3.863633633633633657e+00
3.868428428428428489e+00
3.873223223223223322e+00
3.878018018018018154e+00
3.882812812812812986e+00
3.887607607607607818e+00
3.892402402402402650e+00
3.897197197197197038e+00
3.901991991991991870e+00
3.906786786786786703e+00
3.911581581581581535e+00
3.916376376376376367e+00
3.921171171171171199e+00
3.925965965965966031e+00
3.930760760760760864e+00
3.935555555555555696e+00
3.940350350350350528e+00
3.945145145145145360e+00
3.949939939939939748e+00
3.954734734734734580e+00
3.959529529529529412e+00
3.964324324324324245e+00
3.969119119119119077e+00
3.973913913913913909e+00
3.978708708708708741e+00
3.983503503503503573e+00
3.988298298298298405e+00
3.993093093093093238e+00
3.997887887887888070e+00
4.002682682682682902e+00
4.007477477477477734e+00
4.012272272272272566e+00
4.017067067067067399e+00
4.021861861861862231e+00
4.026656656656657063e+00
4.031451451451451895e+00
4.036246246246246727e+00
4.041041041041041559e+00
4.045835835835836392e+00
4.050630630630631224e+00
4.055425425425426056e+00
4.060220220220220888e+00
4.065015015015014832e+00
4.069809809809809664e+00
4.074604604604604496e+00
4.079399399399399329e+00
4.084194194194194161e+00
4.088988988988988993e+00
4.093783783783783825e+00
4.098578578578578657e+00
4.103373373373373489e+00
4.108168168168168322e+00
4.112962962962963154e+00
4.117757757757757986e+00
4.122552552552552818e+00
4.127347347347347650e+00
4.132142142142142482e+00
4.136936936936937315e+00
4.141731731731732147e+00
4.146526526526526979e+00
4.151321321321321811e+00
4.156116116116116643e+00
4.160910910910911475e+00
4.165705705705706308e+00
4.170500500500501140e+00
4.175295295295295972e+00
4.180090090090089916e+00
4.184884884884884748e+00
4.189679679679679580e+00
4.194474474474474412e+00
4.199269269269269245e+00
4.204064064064064077e+00
4.208858858858858909e+00
4.213653653653653741e+00
4.218448448448448573e+00
4.223243243243243406e+00
4.228038038038038238e+00
4.232832832832833070e+00
4.237627627627627902e+00
4.242422422422422734e+00
4.247217217217217566e+00
4.252012012012012399e+00
4.256806806806807231e+00
4.261601601601602063e+00
4.266396396396396007e+00
4.271191191191190839e+00
4.275985985985985671e+00
4.280780780780780503e+00
4.285575575575575336e+00
4.290370370370370168e+00
4.295165165165165000e+00
4.299959959959959832e+00
4.304754754754754664e+00
4.309549549549549496e+00
4.314344344344344329e+00
4.319139139139139161e+00
4.323933933933933993e+00
4.328728728728728825e+00
4.333523523523523657e+00
4.338318318318318489e+00
4.343113113113113322e+00
4.347907907907908154e+00
4.352702702702702986e+00
4.357497497497497818e+00
4.362292292292292650e+00
4.367087087087087482e+00
4.371881881881882315e+00
4.376676676676677147e+00
4.381471471471471091e+00
4.386266266266265923e+00
4.391061061061060755e+00
4.395855855855855587e+00
4.400650650650650419e+00
4.405445445445445252e+00
4.410240240240240084e+00
4.415035035035034916e+00
4.419829829829829748e+00
4.424624624624624580e+00
4.429419419419419413e+00
4.434214214214214245e+00
4.439009009009009077e+00
4.443803803803803909e+00
4.448598598598598741e+00
4.453393393393393573e+00
4.458188188188188406e+00
4.462982982982983238e+00
4.467777777777778070e+00
4.472572572572572902e+00
4.477367367367367734e+00
4.482162162162162566e+00
4.486956956956957399e+00
4.491751751751752231e+00
4.496546546546546175e+00
4.501341341341341007e+00
4.506136136136135839e+00
4.510930930930930671e+00
4.515725725725725503e+00
4.520520520520520336e+00
4.525315315315315168e+00
4.530110110110110000e+00
4.534904904904904832e+00
4.539699699699699664e+00
4.544494494494494496e+00
4.549289289289289329e+00
4.554084084084084161e+00
4.558878878878878993e+00
4.563673673673673825e+00
4.568468468468468657e+00
4.573263263263263489e+00
4.578058058058058322e+00
4.582852852852853154e+00
4.587647647647647986e+00
4.592442442442442818e+00
4.597237237237237650e+00
4.602032032032032483e+00
4.606826826826826426e+00
4.611621621621621259e+00
4.616416416416416091e+00
4.621211211211210923e+00
4.626006006006005755e+00
4.630800800800800587e+00
4.635595595595595420e+00
4.640390390390390252e+00
4.645185185185185084e+00
4.649979979979979916e+00
4.654774774774774748e+00
4.659569569569569580e+00
4.664364364364364413e+00
4.669159159159159245e+00
4.673953953953954077e+00
4.678748748748748909e+00
4.683543543543543741e+00
4.688338338338338573e+00
4.693133133133133406e+00
4.697927927927928238e+00
4.702722722722723070e+00
4.707517517517517902e+00
4.712312312312312734e+00
4.717107107107107566e+00
4.721901901901901510e+00
4.726696696696696343e+00
4.731491491491491175e+00
4.736286286286286007e+00
4.741081081081080839e+00
4.745875875875875671e+00
4.750670670670670503e+00
4.755465465465465336e+00
4.760260260260260168e+00
4.765055055055055000e+00
4.769849849849849832e+00
4.774644644644644664e+00
4.779439439439439496e+00
4.784234234234234329e+00
4.789029029029029161e+00
4.793823823823823993e+00
4.798618618618618825e+00
4.803413413413413657e+00
4.808208208208208490e+00
4.813003003003003322e+00
4.817797797797798154e+00
4.822592592592592986e+00
4.827387387387387818e+00
4.832182182182182650e+00
4.836976976976976594e+00
4.841771771771771427e+00
4.846566566566566259e+00
4.851361361361361091e+00
4.856156156156155923e+00
4.860950950950950755e+00
4.865745745745745587e+00
4.870540540540540420e+00
4.875335335335335252e+00
4.880130130130130084e+00
4.884924924924924916e+00
4.889719719719719748e+00
4.894514514514514580e+00
4.899309309309309413e+00
4.904104104104104245e+00
4.908898898898899077e+00
4.913693693693693909e+00
4.918488488488488741e+00
4.923283283283283573e+00
4.928078078078078406e+00
4.932872872872873238e+00
4.937667667667668070e+00
4.942462462462462902e+00
4.947257257257257734e+00
4.952052052052051678e+00
4.956846846846846510e+00
4.961641641641641343e+00
4.966436436436436175e+00
4.971231231231231007e+00
4.976026026026025839e+00
4.980820820820820671e+00
4.985615615615615503e+00
4.990410410410410336e+00
4.995205205205205168e+00
5.000000000000000000e+00
