1.349498997995991934e+00
1.368537074148296728e+00
1.387575150300601301e+00
1.402805611222444959e+00
1.421843687374749532e+00
1.433266533066132276e+00
1.448496993987975934e+00
1.459919839679358677e+00
1.471342685370741421e+00
1.482765531062124387e+00
1.494188376753507130e+00
1.505611222444889874e+00
1.513226452905811703e+00
1.524649298597194447e+00
1.532264529058116276e+00
1.539879759519038105e+00
1.551302605210420849e+00
1.558917835671342678e+00
1.562725450901803592e+00
1.570340681362725421e+00
1.577955911823647472e+00
1.585571142284569301e+00
1.589378757515030216e+00
1.596993987975952045e+00
1.604609218436873874e+00
1.608416833667334789e+00
1.612224448897795703e+00
1.619839679358717532e+00
1.623647294589178447e+00
1.627454909819639362e+00
1.635070140280561191e+00
1.638877755511022105e+00
1.642685370741483020e+00
1.646492985971943934e+00
1.650300601202404849e+00
1.654108216432865763e+00
1.661723446893787592e+00
1.665531062124248507e+00
1.669338677354709422e+00
1.673146292585170336e+00
1.673146292585170336e+00
1.676953907815631251e+00
1.680761523046092165e+00
1.684569138276553080e+00
1.688376753507013994e+00
1.692184368737474909e+00
1.695991983967935823e+00
1.699799599198396738e+00
1.699799599198396738e+00
1.703607214428857652e+00
1.707414829659318567e+00
1.711222444889779482e+00
1.711222444889779482e+00
1.715030060120240396e+00
1.718837675350701533e+00
1.718837675350701533e+00
1.722645290581162447e+00
1.726452905811623362e+00
1.730260521042084276e+00
1.730260521042084276e+00
1.734068136272545191e+00
1.734068136272545191e+00
1.737875751503006105e+00
1.741683366733467020e+00
1.741683366733467020e+00
1.745490981963927934e+00
1.745490981963927934e+00
1.749298597194388849e+00
1.753106212424849764e+00
1.753106212424849764e+00
1.756913827655310678e+00
1.756913827655310678e+00
1.760721442885771593e+00
1.760721442885771593e+00
1.764529058116232507e+00
1.764529058116232507e+00
1.768336673346693422e+00
1.768336673346693422e+00
1.772144288577154336e+00
1.772144288577154336e+00
1.775951903807615251e+00
1.775951903807615251e+00
1.779759519038076165e+00
1.779759519038076165e+00
1.783567134268537080e+00
1.783567134268537080e+00
1.787374749498997994e+00
1.787374749498997994e+00
1.791182364729458909e+00
1.791182364729458909e+00
1.791182364729458909e+00
1.794989979959919824e+00
1.794989979959919824e+00
1.798797595190380738e+00
1.798797595190380738e+00
1.802605210420841875e+00
1.802605210420841875e+00
1.802605210420841875e+00
1.806412825651302789e+00
1.806412825651302789e+00
1.810220440881763704e+00
1.810220440881763704e+00
1.810220440881763704e+00
1.814028056112224618e+00
1.814028056112224618e+00
1.817835671342685533e+00
1.817835671342685533e+00
1.821643286573146447e+00
1.821643286573146447e+00
1.821643286573146447e+00
1.825450901803607362e+00
1.825450901803607362e+00
1.825450901803607362e+00
1.829258517034068277e+00
1.829258517034068277e+00
1.833066132264529191e+00
1.833066132264529191e+00
1.833066132264529191e+00
1.836873747494990106e+00
1.836873747494990106e+00
1.840681362725451020e+00
1.840681362725451020e+00
1.840681362725451020e+00
1.844488977955911935e+00
1.844488977955911935e+00
1.844488977955911935e+00
1.848296593186372849e+00
1.848296593186372849e+00
1.852104208416833764e+00
1.852104208416833764e+00
1.852104208416833764e+00
1.855911823647294678e+00
1.855911823647294678e+00
1.855911823647294678e+00
1.859719438877755593e+00
1.859719438877755593e+00
1.863527054108216507e+00
1.863527054108216507e+00
1.863527054108216507e+00
1.867334669338677422e+00
1.867334669338677422e+00
1.871142284569138337e+00
1.871142284569138337e+00
1.871142284569138337e+00
1.874949899799599251e+00
1.874949899799599251e+00
1.874949899799599251e+00
1.878757515030060166e+00
1.878757515030060166e+00
1.882565130260521080e+00
1.882565130260521080e+00
1.882565130260521080e+00
1.886372745490981995e+00
1.886372745490981995e+00
1.890180360721442909e+00
1.890180360721442909e+00
1.890180360721442909e+00
1.893987975951903824e+00
1.893987975951903824e+00
1.893987975951903824e+00
1.897795591182364738e+00
1.897795591182364738e+00
1.901603206412825653e+00
1.901603206412825653e+00
1.905410821643286567e+00
1.905410821643286567e+00
1.905410821643286567e+00
1.909218436873747482e+00
1.909218436873747482e+00
1.913026052104208397e+00
1.913026052104208397e+00
1.913026052104208397e+00
1.916833667334669311e+00
1.916833667334669311e+00
1.920641282565130226e+00
1.920641282565130226e+00
1.920641282565130226e+00
1.924448897795591140e+00
1.924448897795591140e+00
1.928256513026052055e+00
1.928256513026052055e+00
1.932064128256512969e+00
1.932064128256512969e+00
1.935871743486973884e+00
1.935871743486973884e+00
1.935871743486973884e+00
1.939679358717434798e+00
1.939679358717434798e+00
1.943486973947895713e+00
1.943486973947895713e+00
1.947294589178356627e+00
1.947294589178356627e+00
1.951102204408817542e+00
1.951102204408817542e+00
1.954909819639278457e+00
1.954909819639278457e+00
1.958717434869739371e+00
1.958717434869739371e+00
1.958717434869739371e+00
1.962525050100200508e+00
1.962525050100200508e+00
1.966332665330661422e+00
1.966332665330661422e+00
1.970140280561122337e+00
1.970140280561122337e+00
1.973947895791583251e+00
1.973947895791583251e+00
1.977755511022044166e+00
1.977755511022044166e+00
1.981563126252505080e+00
1.981563126252505080e+00
1.985370741482965995e+00
1.989178356713426910e+00
1.989178356713426910e+00
1.992985971943887824e+00
1.992985971943887824e+00
1.996793587174348739e+00
1.996793587174348739e+00
2.000601202404809875e+00
2.000601202404809875e+00
2.004408817635270346e+00
2.004408817635270346e+00
2.008216432865731704e+00
2.012024048096192175e+00
2.012024048096192175e+00
2.015831663326653533e+00
2.015831663326653533e+00
2.019639278557114448e+00
2.019639278557114448e+00
2.023446893787575362e+00
2.027254509018036277e+00
2.027254509018036277e+00
2.031062124248497192e+00
2.031062124248497192e+00
2.034869739478958106e+00
2.038677354709419021e+00
2.038677354709419021e+00
2.042484969939879935e+00
2.042484969939879935e+00
2.046292585170340850e+00
2.050100200400801764e+00
2.050100200400801764e+00
2.053907815631262679e+00
2.057715430861723593e+00
2.057715430861723593e+00
2.061523046092184508e+00
2.065330661322645422e+00
2.065330661322645422e+00
2.069138276553106337e+00
2.072945891783567252e+00
2.072945891783567252e+00
2.076753507014028166e+00
2.080561122244489081e+00
2.080561122244489081e+00
2.084368737474949995e+00
2.088176352705410910e+00
2.088176352705410910e+00
2.091983967935871824e+00
2.095791583166332739e+00
2.099599198396793653e+00
2.099599198396793653e+00
2.103406813627254568e+00
2.107214428857715482e+00
2.107214428857715482e+00
2.111022044088176397e+00
2.114829659318637312e+00
2.118637274549098226e+00
2.118637274549098226e+00
2.122444889779559141e+00
2.126252505010020055e+00
2.130060120240480970e+00
2.133867735470941884e+00
2.133867735470941884e+00
2.137675350701402799e+00
2.141482965931863713e+00
2.145290581162324628e+00
2.145290581162324628e+00
2.149098196392785542e+00
2.152905811623246457e+00
2.156713426853707372e+00
2.160521042084168286e+00
2.164328657314629201e+00
2.164328657314629201e+00
2.168136272545090115e+00
2.171943887775551030e+00
2.175751503006011944e+00
2.179559118236472859e+00
2.183366733466933773e+00
2.187174348697394688e+00
2.187174348697394688e+00
2.190981963927855602e+00
2.194789579158316961e+00
2.198597194388777432e+00
2.202404809619238790e+00
2.206212424849699261e+00
2.210020040080160619e+00
2.213827655310621090e+00
2.217635270541082448e+00
2.217635270541082448e+00
2.221442885771542919e+00
2.225250501002004277e+00
2.229058116232464748e+00
2.232865731462926107e+00
2.236673346693386577e+00
2.240480961923847936e+00
2.244288577154308406e+00
2.248096192384769765e+00
2.251903807615230679e+00
2.255711422845691594e+00
2.259519038076152508e+00
2.263326653306613423e+00
2.267134268537074338e+00
2.270941883767535252e+00
2.274749498997996167e+00
2.278557114228457081e+00
2.282364729458917996e+00
2.286172344689378910e+00
2.289979959919839825e+00
2.293787575150300739e+00
2.297595190380761654e+00
2.301402805611222568e+00
2.305210420841683483e+00
2.309018036072144398e+00
2.312825651302605312e+00
2.316633266533066227e+00
2.320440881763527141e+00
2.328056112224448970e+00
2.331863727454909885e+00
2.335671342685370799e+00
2.339478957915831714e+00
2.343286573146292628e+00
2.347094188376753543e+00
2.350901803607214458e+00
2.354709418837675372e+00
2.358517034068136287e+00
2.366132264529058116e+00
2.369939879759519030e+00
2.373747494989979945e+00
2.377555110220440859e+00
2.381362725450901774e+00
2.385170340681362688e+00
2.392785571142284518e+00
2.396593186372745876e+00
2.400400801603206347e+00
2.404208416833667705e+00
2.408016032064128176e+00
2.415631262525050005e+00
2.419438877755511363e+00
2.423246492985971834e+00
2.427054108216433193e+00
2.430861723446893663e+00
2.438476953907815492e+00
2.442284569138276851e+00
2.446092184368737321e+00
2.449899799599198680e+00
2.457515030060120509e+00
2.461322645290580979e+00
2.465130260521042338e+00
2.472745490981964167e+00
2.476553106212424638e+00
2.480360721442885996e+00
2.487975951903807825e+00
2.491783567134268296e+00
2.495591182364729654e+00
2.499398797595190125e+00
2.507014028056112398e+00
2.510821643286573313e+00
2.518436873747495142e+00
2.522244488977956056e+00
2.526052104208416971e+00
2.533667334669338800e+00
2.537474949899799714e+00
2.541282565130260629e+00
2.548897795591182458e+00
2.552705410821643373e+00
2.560320641282565202e+00
2.564128256513026116e+00
2.567935871743487031e+00
2.575551102204408860e+00
2.579358717434869774e+00
2.586973947895791603e+00
2.590781563126252518e+00
2.598396793587174347e+00
2.602204408817635262e+00
2.609819639278557091e+00
2.613627254509018005e+00
2.617434869739478920e+00
2.625050100200400749e+00
2.628857715430862108e+00
2.636472945891783937e+00
2.640280561122244407e+00
2.647895791583166236e+00
2.651703406813627595e+00
2.659318637274549424e+00
2.666933867735471253e+00
2.670741482965931723e+00
2.678356713426853553e+00
2.682164328657314911e+00
2.689779559118236740e+00
2.693587174348697211e+00
2.701202404809619040e+00
2.705010020040080398e+00
2.712625250501002228e+00
2.720240480961924057e+00
2.724048096192384527e+00
2.731663326653306356e+00
2.735470941883767715e+00
2.743086172344689544e+00
2.750701402805611373e+00
2.754509018036072288e+00
2.762124248496994117e+00
2.769739478957915946e+00
2.773547094188376860e+00
2.781162324649298689e+00
2.788777555110220518e+00
2.792585170340681433e+00
2.800200400801603262e+00
2.807815631262525091e+00
2.811623246492986006e+00
2.819238476953907835e+00
2.826853707414829664e+00
2.834468937875751493e+00
2.838276553106212408e+00
2.845891783567134237e+00
2.853507014028056510e+00
2.857314629258516980e+00
2.864929859719438809e+00
2.872545090180360638e+00
2.880160320641282468e+00
2.887775551102204297e+00
2.891583166332665655e+00
2.899198396793587484e+00
2.906813627254509314e+00
2.914428857715431143e+00
2.918236472945891613e+00
2.925851703406813442e+00
2.933466933867735271e+00
2.941082164328657100e+00
2.948697394789578929e+00
2.956312625250500759e+00
2.960120240480962117e+00
2.967735470941883946e+00
2.975350701402805775e+00
2.982965931863727604e+00
2.990581162324649434e+00
2.998196392785571263e+00
3.005811623246493092e+00
3.013426853707414921e+00
3.017234468937875835e+00
3.024849699398797664e+00
3.032464929859719494e+00
3.040080160320641323e+00
3.047695390781563152e+00
3.055310621242484981e+00
3.062925851703406810e+00
3.070541082164328639e+00
3.078156312625250912e+00
3.085771543086172741e+00
3.093386773547094570e+00
3.101002004008016399e+00
3.108617234468938229e+00
3.116232464929860058e+00
3.123847695390781887e+00
3.131462925851703716e+00
3.139078156312625545e+00
3.146693386773547374e+00
3.154308617234469203e+00
3.154308617234469203e+00
3.154308617234469203e+00
3.154308617234469203e+00
3.154308617234469203e+00
3.154308617234469203e+00
3.154308617234469203e+00
3.154308617234469203e+00
3.154308617234469203e+00
3.154308617234469203e+00
3.154308617234469203e+00
3.154308617234469203e+00
3.154308617234469203e+00
3.154308617234469203e+00
3.154308617234469203e+00
3.154308617234469203e+00
3.154308617234469203e+00
3.154308617234469203e+00
0.000000000000000000e+00
0.000000000000000000e+00
0.000000000000000000e+00
0.000000000000000000e+00
0.000000000000000000e+00
0.000000000000000000e+00
0.000000000000000000e+00
0.000000000000000000e+00
0.000000000000000000e+00
0.000000000000000000e+00
0.000000000000000000e+00
0.000000000000000000e+00
0.000000000000000000e+00
0.000000000000000000e+00
0.000000000000000000e+00
0.000000000000000000e+00
